1000
1000.0
.false.
(0.125,0.0) (0.125,0.0) (0.125,0.0) (0.125,0.0) (0.125,0.0) (0.125,0.0) (0.125,0.0) (0.0,0.0) (0.0,0.0) (0.0,0.0) (0.0,0.0) (0.0,0.0) (0.0,0.0) (0.0,0.0) (0.0,0.0) (0.0,0.0) (0.0,0.0) (0.0,0.0) (0.0,0.0) (0.0,0.0) (0.0,0.0) (0.0,0.0) (0.0,0.0) (0.0,0.0) (0.0,0.0) (0.0,0.0) (0.0,0.0) (0.0,0.0) (0.0,0.0) (0.0,0.0) (0.0,0.0) (0.0,0.0) (0.0,0.0) (0.0,0.0) (0.0,0.0) (0.0,0.0) (0.0,0.0) (0.0,0.0) (0.0,0.0) (0.0,0.0) (0.0,0.0) (0.0,0.0) (0.0,0.0) (0.0,0.0) (0.0,0.0) (0.0,0.0) (0.0,0.0) (0.0,0.0) (0.0,0.0) (0.0,0.0) (0.0,0.0) (0.0,0.0) (0.0,0.0) (0.0,0.0) (0.0,0.0) (0.0,0.0) (0.0,0.0) (0.0,0.0) (0.0,0.0) (0.0,0.0) (0.0,0.0) (0.0,0.0) (0.0,0.0) (0.0,0.0) (0.0,0.0) (0.0,0.0) (0.0,0.0) (0.0,0.0) (0.0,0.0) (0.0,0.0) (0.0,0.0) (0.0,0.0) (0.0,0.0) (0.0,0.0) (0.0,0.0) (0.0,0.0) (0.0,0.0) (0.0,0.0) (0.0,0.0) (0.0,0.0) (0.0,0.0) (0.0,0.0) (0.0,0.0) (0.0,0.0) (0.0,0.0) (0.0,0.0) (0.0,0.0) (0.0,0.0) (0.0,0.0) (0.0,0.0) (0.0,0.0) (0.0,0.0) (0.0,0.0) (0.0,0.0) (0.0,0.0) (0.0,0.0) (0.0,0.0) (0.0,0.0) (0.0,0.0) (0.0,0.0) (0.0,0.0) (0.0,0.0) (0.0,0.0) (0.0,0.0) (0.0,0.0) (0.0,0.0) (0.0,0.0) (0.0,0.0) (0.0,0.0) (0.0,0.0) (0.0,0.0) (0.0,0.0) (0.0,0.0) (0.0,0.0) (0.0,0.0) (0.0,0.0) (0.0,0.0) (0.0,0.0) (0.0,0.0) (0.0,0.0) (0.0,0.0) (0.0,0.0) (0.0,0.0) (0.0,0.0) (0.0,0.0) (0.0,0.0) (0.0,0.0) (0.0,0.0) (0.0,0.0) (0.0,0.0) (0.0,0.0) (0.0,0.0) (0.0,0.0) (0.0,0.0) (0.0,0.0) (0.0,0.0) (0.0,0.0) (0.0,0.0) (0.0,0.0) (0.0,0.0) (0.0,0.0) (0.0,0.0) (0.0,0.0) (0.0,0.0) (0.0,0.0) (0.0,0.0) (0.0,0.0) (0.0,0.0) (0.0,0.0) (0.0,0.0) (0.0,0.0) (0.0,0.0) (0.0,0.0) (0.0,0.0) (0.0,0.0) (0.0,0.0) (0.0,0.0) (0.0,0.0) (0.0,0.0) (0.0,0.0) (0.0,0.0) (0.0,0.0) (0.0,0.0) (0.0,0.0) (0.0,0.0) (0.0,0.0) (0.0,0.0) (0.0,0.0) (0.0,0.0) (0.0,0.0) (0.0,0.0) (0.0,0.0) (0.0,0.0) (0.0,0.0) (0.0,0.0) (0.0,0.0) (0.0,0.0) (0.0,0.0) (0.0,0.0) (0.0,0.0) (0.0,0.0) (0.0,0.0) (0.0,0.0) (0.0,0.0) (0.0,0.0) (0.0,0.0) (0.0,0.0) (0.0,0.0) (0.0,0.0) (0.0,0.0) (0.0,0.0) (0.0,0.0) (0.0,0.0) (0.0,0.0) (0.0,0.0) (0.0,0.0) (0.0,0.0) (0.0,0.0) (0.0,0.0) (0.0,0.0) (0.0,0.0) (0.0,0.0) (0.0,0.0) (0.0,0.0) (0.0,0.0) (0.0,0.0) (0.0,0.0) (0.0,0.0) (0.0,0.0) (0.0,0.0) (0.0,0.0) (0.0,0.0) (0.0,0.0) (0.0,0.0) (0.0,0.0) (0.0,0.0) (0.0,0.0) (0.0,0.0) (0.0,0.0) (0.0,0.0) (0.0,0.0) (0.0,0.0) (0.0,0.0) (0.0,0.0) (0.0,0.0) (0.0,0.0) (0.0,0.0) (0.0,0.0) (0.0,0.0) (0.0,0.0) (0.0,0.0) (0.0,0.0) (0.0,0.0) (0.0,0.0) (0.0,0.0) (0.0,0.0) (0.0,0.0) (0.0,0.0) (0.0,0.0) (0.0,0.0) (0.0,0.0) (0.0,0.0) (0.0,0.0) (0.0,0.0) (0.0,0.0) (0.0,0.0) (0.0,0.0) (0.0,0.0) (0.0,0.0) (0.0,0.0) (0.0,0.0) (0.0,0.0) (0.0,0.0) (0.0,0.0) (0.0,0.0) (0.0,0.0) (0.0,0.0) (0.0,0.0) (0.0,0.0) (0.0,0.0) (0.0,0.0) (0.0,0.0) (0.0,0.0) (0.0,0.0) (0.0,0.0) (0.0,0.0) (0.0,0.0) (0.0,0.0) (0.0,0.0) (0.0,0.0) (0.0,0.0) (0.0,0.0) (0.0,0.0) (0.0,0.0) (0.0,0.0) (0.0,0.0) (0.0,0.0) (0.0,0.0) (0.0,0.0) (0.0,0.0) (0.0,0.0) (0.0,0.0) (0.0,0.0) (0.0,0.0) (0.0,0.0) (0.0,0.0) (0.0,0.0) (0.0,0.0) (0.0,0.0) (0.0,0.0) (0.0,0.0) (0.0,0.0) (0.0,0.0) (0.0,0.0) (0.0,0.0) (0.0,0.0) (0.0,0.0) (0.0,0.0) (0.0,0.0) (0.0,0.0) (0.0,0.0) (0.0,0.0) (0.0,0.0) (0.0,0.0) (0.0,0.0) (0.0,0.0) (0.0,0.0) (0.0,0.0) (0.0,0.0) (0.0,0.0) (0.0,0.0) (0.0,0.0) (0.0,0.0) (0.0,0.0) (0.0,0.0) (0.0,0.0) (0.0,0.0) (0.0,0.0) (0.0,0.0) (0.0,0.0) (0.0,0.0) (0.0,0.0) (0.0,0.0) (0.0,0.0) (0.0,0.0) (0.0,0.0) (0.0,0.0) (0.0,0.0) (0.0,0.0) (0.0,0.0) (0.0,0.0) (0.0,0.0) (0.0,0.0) (0.0,0.0) (0.0,0.0) (0.0,0.0) (0.0,0.0) (0.0,0.0) (0.0,0.0) (0.0,0.0) (0.0,0.0) (0.0,0.0) (0.0,0.0) (0.0,0.0) (0.0,0.0) (0.0,0.0) (0.0,0.0) (0.0,0.0) (0.0,0.0) (0.0,0.0) (0.0,0.0) (0.0,0.0) (0.0,0.0) (0.0,0.0) (0.0,0.0) (0.0,0.0) (0.0,0.0) (0.0,0.0) (0.0,0.0) (0.0,0.0) (0.0,0.0) (0.0,0.0) (0.0,0.0) (0.0,0.0) (0.0,0.0) (0.0,0.0) (0.0,0.0) (0.0,0.0) (0.0,0.0) (0.0,0.0) (0.0,0.0) (0.0,0.0) (0.0,0.0) (0.0,0.0) (0.0,0.0) (0.0,0.0) (0.0,0.0) (0.0,0.0) (0.0,0.0) (0.0,0.0) (0.0,0.0) (0.0,0.0) (0.0,0.0) (0.0,0.0) (0.0,0.0) (0.0,0.0) (0.0,0.0) (0.0,0.0) (0.0,0.0) (0.0,0.0) (0.0,0.0) (0.0,0.0) (0.0,0.0) (0.0,0.0) (0.0,0.0) (0.0,0.0) (0.0,0.0) (0.0,0.0) (0.0,0.0) (0.0,0.0) (0.0,0.0) (0.0,0.0) (0.0,0.0) (0.0,0.0) (0.0,0.0) (0.0,0.0) (0.0,0.0) (0.0,0.0) (0.0,0.0) (0.0,0.0) (0.0,0.0) (0.0,0.0) (0.0,0.0) (0.0,0.0) (0.0,0.0) (0.0,0.0) (0.0,0.0) (0.0,0.0) (0.0,0.0) (0.0,0.0) (0.0,0.0) (0.0,0.0) (0.0,0.0) (0.0,0.0) (0.0,0.0) (0.0,0.0) (0.0,0.0) (0.0,0.0) (0.0,0.0) (0.0,0.0) (0.0,0.0) (0.0,0.0) (0.0,0.0) (0.0,0.0) (0.0,0.0) (0.0,0.0) (0.0,0.0) (0.0,0.0) (0.0,0.0) (0.0,0.0) (0.0,0.0) (0.0,0.0) (0.0,0.0) (0.0,0.0) (0.0,0.0) (0.0,0.0) (0.0,0.0) (0.0,0.0) (0.0,0.0) (0.0,0.0) (0.0,0.0) (0.0,0.0) (0.0,0.0) (0.0,0.0) (0.0,0.0) (0.0,0.0) (0.0,0.0) (0.0,0.0) (0.0,0.0) (0.0,0.0) (0.0,0.0) (0.0,0.0) (0.0,0.0) (0.0,0.0) (0.0,0.0) (0.0,0.0) (0.0,0.0) (0.0,0.0) (0.0,0.0) (0.0,0.0) (0.0,0.0) (0.0,0.0) (0.0,0.0) (0.0,0.0) (0.0,0.0) (0.0,0.0) (0.0,0.0) (0.0,0.0) (0.0,0.0) (0.0,0.0) (0.0,0.0) (0.0,0.0) (0.0,0.0) (0.0,0.0) (0.0,0.0) (0.0,0.0) (0.0,0.0) (0.0,0.0) (0.0,0.0) (0.0,0.0) (0.0,0.0) (0.0,0.0) (0.0,0.0) (0.0,0.0) (0.0,0.0) (0.0,0.0) (0.0,0.0) (0.0,0.0) (0.0,0.0) (0.0,0.0) (0.0,0.0) (0.0,0.0) (0.0,0.0) (0.0,0.0) (0.0,0.0) (0.0,0.0) (0.0,0.0) (0.0,0.0) (0.0,0.0) (0.0,0.0) (0.0,0.0) (0.0,0.0) (0.0,0.0) (0.0,0.0) (0.0,0.0) (0.0,0.0) (0.0,0.0) (0.0,0.0) (0.0,0.0) (0.0,0.0) (0.0,0.0) (0.0,0.0) (0.0,0.0) (0.0,0.0) (0.0,0.0) (0.0,0.0) (0.0,0.0) (0.0,0.0) (0.0,0.0) (0.0,0.0) (0.0,0.0) (0.0,0.0) (0.0,0.0) (0.0,0.0) (0.0,0.0) (0.0,0.0) (0.0,0.0) (0.0,0.0) (0.0,0.0) (0.0,0.0) (0.0,0.0) (0.0,0.0) (0.0,0.0) (0.0,0.0) (0.0,0.0) (0.0,0.0) (0.0,0.0) (0.0,0.0) (0.0,0.0) (0.0,0.0) (0.0,0.0) (0.0,0.0) (0.0,0.0) (0.0,0.0) (0.0,0.0) (0.0,0.0) (0.0,0.0) (0.0,0.0) (0.0,0.0) (0.0,0.0) (0.0,0.0) (0.0,0.0) (0.0,0.0) (0.0,0.0) (0.0,0.0) (0.0,0.0) (0.0,0.0) (0.0,0.0) (0.0,0.0) (0.0,0.0) (0.0,0.0) (0.0,0.0) (0.0,0.0) (0.0,0.0) (0.0,0.0) 
28.508876905 
2661.50548223 
.false.
.false.
.false.
.false.
.false.
