  -75.000000000000000       0.48949563081175201        8.4568675167161309E-004   2.6908419082958819E-003  -3.4993583541254730E-003  -1.6983737913445617E-002  -9.7899126162350400E-002   3.2290102899550583E-003  -1.0148241020059542E-004
  -74.625000000000000       0.48948687199684815        8.5745992880280808E-004   2.7039556668995036E-003  -3.5359271857611798E-003  -1.7075683535339701E-002  -9.7897374399369630E-002   3.2447468002794041E-003  -1.0289519145634735E-004
  -74.250000000000000       0.48947794342854950        8.6948232684291122E-004   2.7171939392133340E-003  -3.5730784734965206E-003  -1.7168660132731103E-002  -9.7895588685709897E-002   3.2606327270560008E-003  -1.0433787922118028E-004
  -73.875000000000000       0.48946884064675805        8.8176095202823033E-004   2.7305584114864587E-003  -3.6108247715117359E-003  -1.7262685529238545E-002  -9.7893768129351619E-002   3.2766700937837505E-003  -1.0581131424339694E-004
  -73.500000000000000       0.48945955904386323        8.9430305438743904E-004   2.7440507974035937E-003  -3.6491789767897037E-003  -1.7357777967564596E-002  -9.7891911808772644E-002   3.2928609568843126E-003  -1.0731636652650975E-004
  -73.125000000000000       0.48945009385887422        9.0711613781625138E-004   2.7576728385096667E-003  -3.6881543404818765E-003  -1.7453956121973306E-002  -9.7890018771774834E-002   3.3092074062116002E-003  -1.0885393653795410E-004
  -72.750000000000000       0.48944044017128302        9.2020797062951820E-004   2.7714263046345125E-003  -3.7277644797183555E-003  -1.7551239111217042E-002  -9.7888088034256610E-002   3.3257115655614153E-003  -1.1042495647553262E-004
  -72.375000000000000       0.48943059289463936        9.3358659662210646E-004   2.7853129943170366E-003  -3.7680233898820417E-003  -1.7649646511931068E-002  -9.7886118578927858E-002   3.3423755931804439E-003  -1.1203039159469199E-004
  -72.000000000000000       0.48942054676982305        9.4726034666630103E-004   2.7993347352280283E-003  -3.8089454573678829E-003  -1.7749198372515696E-002  -9.7884109353964605E-002   3.3592016822736343E-003  -1.1367124159996278E-004
  -71.625000000000000       0.48941029635800215        9.6123785086741167E-004   2.8134933845908685E-003  -3.8505454728493911E-003  -1.7849915227527182E-002  -9.7882059271600416E-002   3.3761920615090423E-003  -1.1534854210407058E-004
  -71.250000000000000       0.48939983603325182        9.7552805132035869E-004   2.8277908295991374E-003  -3.8928386450755091E-003  -1.7951818112598432E-002  -9.7879967206650348E-002   3.3933489955189650E-003  -1.1706336615846091E-004
  -70.875000000000000       0.48938915997482185        9.9014021549300715E-004   2.8422289878301771E-003  -3.9358406152223899E-003  -1.8054928579912841E-002  -9.7877831994964359E-002   3.4106747853962123E-003  -1.1881682585917735E-004
  -70.500000000000000       0.48937826215903257        1.0050839502693107E-003   2.8568098076534689E-003  -3.9795674718257606E-003  -1.8159268714255147E-002  -9.7875652431806501E-002   3.4281717691841628E-003  -1.2061007403233340E-004
  -70.125000000000000       0.48936713635077594        1.0203692166969056E-003   2.8715352686326475E-003  -4.0240357663208805E-003  -1.8264861149664156E-002  -9.7873427270155189E-002   3.4458423223591773E-003  -1.2244430600362298E-004
  -69.750000000000000       0.48935577609460373        1.0360063454718941E-003   2.8864073819197950E-003  -4.0692625292186495E-003  -1.8371729086714014E-002  -9.7871155218920730E-002   3.4636888583037539E-003  -1.2432076145662988E-004
  -69.375000000000000       0.48934417470537589        1.0520060532085613E-003   2.9014281906405855E-003  -4.1152652869477883E-003  -1.8479896310451382E-002  -9.7868834941075164E-002   3.4817138287687025E-003  -1.2624072638499570E-004
  -69.000000000000000       0.48933232525844894        1.0683794595315933E-003   2.9165997702687075E-003  -4.1620620793947558E-003  -1.8589387209017975E-002  -9.7866465051689791E-002   3.4999197243224490E-003  -1.2820553514380511E-004
  -68.625000000000000       0.48932022057937324        1.0851381050494011E-003   2.9319242289878016E-003  -4.2096714781745884E-003  -1.8700226792988401E-002  -9.7864044115874640E-002   3.5183090747853618E-003  -1.3021657260592053E-004
  -68.250000000000000       0.48930785323307724        1.1022939702444278E-003   2.9474037080390487E-003  -4.2581126056679009E-003  -1.8812440715456173E-002  -9.7861570646615437E-002   3.5368844496468585E-003  -1.3227527642934028E-004
  -67.875000000000000       0.48929521551250293        1.1198594953505763E-003   2.9630403820523287E-003  -4.3074051548608484E-003  -1.8926055292900697E-002  -9.7859043102500570E-002   3.5556484584627940E-003  -1.3438313944206851E-004
  -67.500000000000000       0.48928229942666690        1.1378476012616546E-003   2.9788364593586959E-003  -4.3575694100272209E-003  -1.9041097526871435E-002  -9.7856459885333383E-002   3.5746037512304355E-003  -1.3654171215139564E-004
  -67.125000000000000       0.48926909668810947        1.1562717115410385E-003   2.9947941822817182E-003  -4.4086262682937116E-003  -1.9157595126525980E-002  -9.7853819337621883E-002   3.5937530187380618E-003  -1.3875260538494998E-004
  -66.750000000000000       0.48925559869969765        1.1751457755947436E-003   3.0109158274049808E-003  -4.4605972621318277E-003  -1.9275576532061415E-002  -9.7851119739939540E-002   3.6130989928859769E-003  -1.4101749307135616E-004
  -66.375000000000000       0.48924179654074623        1.1944842930739681E-003   3.0272037058128483E-003  -4.5135045828222971E-003  -1.9395070939080345E-002  -9.7848359308149238E-002   3.6326444469754176E-003  -1.4333811516887180E-004
  -66.000000000000000       0.48922768095241120        1.2143023395910853E-003   3.0436601633012576E-003  -4.5673711049402871E-003  -1.9516108323934491E-002  -9.7845536190482238E-002   3.6523921959615087E-003  -1.4571628075092758E-004
  -65.625000000000000       0.48921324232231889        1.2346155938174526E-003   3.0602875805551023E-003  -4.6222204119126644E-003  -1.9638719470092065E-002  -9.7842648464463763E-002   3.6723450966661226E-003  -1.4815387125808769E-004
  -65.250000000000000       0.48919847066837979        1.2554403660550309E-003   3.0770883732883815E-003  -4.6780768227012029E-003  -1.9762935995576582E-002  -9.7839694133675950E-002   3.6925060479460576E-003  -1.5065284392661856E-004
  -64.875000000000000       0.48918335562174065        1.2767936283710054E-003   3.0940649923429913E-003  -4.7349654196688924E-003  -1.9888790381527899E-002  -9.7836671124348115E-002   3.7128779908115893E-003  -1.5321523540451950E-004
  -64.500000000000000       0.48916788640882181        1.2986930463885771E-003   3.1112199237416580E-003  -4.7929120776896818E-003  -2.0016316001938889E-002  -9.7833577281764353E-002   3.7334639084899896E-003  -1.5584316556664321E-004
  -64.125000000000000       0.48915205183238303        1.3211570128442800E-003   3.1285556886900875E-003  -4.8519434945654347E-003  -2.0145547154623661E-002  -9.7830410366476606E-002   3.7542668264281052E-003  -1.5853884154130995E-004
  -63.750000000000000       0.48913584025155998        1.3442046830146085E-003   3.1460748435229910E-003  -4.9120872228177260E-003  -2.0276519093476952E-002  -9.7827168050311983E-002   3.7752898122275888E-003  -1.6130456196172750E-004
  -63.375000000000000       0.48911923956080494        1.3678560121368588E-003   3.1637799795881470E-003  -4.9733717029258259E-003  -2.0409268062086809E-002  -9.7823847912160977E-002   3.7965359755057762E-003  -1.6414272145640727E-004
  -63.000000000000000       0.48910223716766527        1.3921317949484333E-003   3.1816737230621599E-003  -5.0358262980865981E-003  -2.0543831328766530E-002  -9.7820447433533034E-002   3.8180084676745921E-003  -1.6705581539381965E-004
  -62.625000000000000       0.48908481996932546        1.4170537074799908E-003   3.1997587346909648E-003  -5.0994813305764051E-003  -2.0680247223075415E-002  -9.7816963993865080E-002   3.8397104816291576E-003  -1.7004644489758899E-004
  -62.250000000000000       0.48906697432783625        1.4426443512474314E-003   3.2180377094475575E-003  -5.1643681197999121E-003  -2.0818555173901632E-002  -9.7813394865567241E-002   3.8616452513370687E-003  -1.7311732214970817E-004
  -61.875000000000000       0.48904868604394269        1.4689273000043561E-003   3.2365133760987063E-003  -5.2305190221156681E-003  -2.0958795749184307E-002  -9.7809737208788508E-002   3.8838160513184478E-003  -1.7627127600050867E-004
  -61.500000000000000       0.48902994032942737        1.4959271492123837E-003   3.2551884966716964E-003  -5.2979674725339310E-003  -2.1101010697357047E-002  -9.7805988065885474E-002   3.9062261960060357E-003  -1.7951125790549195E-004
  -61.125000000000000       0.48901072177786636        1.5236695684213116E-003   3.2740658658112903E-003  -5.3667480283876934E-003  -2.1245242990598497E-002  -9.7802144355573259E-002   3.9288790389735481E-003  -1.8284034821058166E-004
  -60.750000000000000       0.48899101433369813        1.5521813567417923E-003   3.2931483100163100E-003  -5.4368964150843056E-003  -2.1391536869981659E-002  -9.7798202866739625E-002   3.9517779720195717E-003  -1.8626176280898632E-004
  -60.375000000000000       0.48897080125949521        1.5814905016211338E-003   3.3124386867441576E-003  -5.5084495740514994E-003  -2.1539937892618065E-002  -9.7794160251899034E-002   3.9749264240929892E-003  -1.8977886019453093E-004
  -60.000000000000000       0.48895006510131461        1.6116262411516868E-003   3.3319398833706187E-003  -5.5814457129985387E-003  -2.1690492980898157E-002  -9.7790013020262925E-002   3.9983278600447423E-003  -1.9339514893821293E-004
  -59.625000000000000       0.48892878765200504        1.6426191301396442E-003   3.3516548159911231E-003  -5.6559243586209946E-003  -2.1843250473936149E-002  -9.7785757530400988E-002   4.0219857791893481E-003  -1.9711429561675639E-004
  -59.250000000000000       0.48890694991232919        1.6745011102008952E-003   3.3715864280483478E-003  -5.7319264118853774E-003  -2.1998260181332687E-002  -9.7781389982465813E-002   4.0459037136580172E-003  -2.0094013322409436E-004
  -58.875000000000000       0.48888453204975540        1.7073055841591394E-003   3.3917376887697037E-003  -5.8094942060384893E-003  -2.2155573439375645E-002  -9.7776906409951084E-002   4.0700852265236447E-003  -2.0487667009910798E-004
  -58.500000000000000       0.48886151335475725        1.7410674950458374E-003   3.4121115913966923E-003  -5.8886715674955643E-003  -2.2315243169806397E-002  -9.7772302670951453E-002   4.0945339096760307E-003  -2.0892809940548145E-004
  -58.125000000000000       0.48883787219445346        1.7758234100198427E-003   3.4327111511865192E-003  -5.9695038797710452E-003  -2.2477323941286570E-002  -9.7767574438890684E-002   4.1192533814238229E-003  -2.1309880920237991E-004
  -57.750000000000000       0.48881358596339824        1.8116116095632019E-003   3.4535394031644639E-003  -6.0520381506261262E-003  -2.2641872033707228E-002  -9.7762717192679635E-002   4.1442472837973565E-003  -2.1739339314759342E-004
  -57.375000000000000       0.48878863103132963        1.8484721823178471E-003   3.4745993996035830E-003  -6.1363230826187096E-003  -2.2808945505492149E-002  -9.7757726206265910E-002   4.1695192795242995E-003  -2.2181666187816277E-004
  -57.000000000000000       0.48876298268765495        1.8864471259751436E-003   3.4958942072060828E-003  -6.2224091472531202E-003  -2.2978604264054563E-002  -9.7752596537530975E-002   4.1950730486472994E-003  -2.2637365511702715E-004
  -56.625000000000000       0.48873661508244720        1.9255804546510990E-003   3.5174269039583476E-003  -6.3103486629399732E-003  -2.3150910139577006E-002  -9.7747323016489418E-002   4.2209122847500172E-003  -2.3106965455812575E-004
  -56.250000000000000       0.48870950116369927        1.9659183132218188E-003   3.5392005756289340E-003  -6.4001958769902539E-003  -2.3325926962293537E-002  -9.7741900232739834E-002   4.2470406907547205E-003  -2.3591019758662865E-004
  -55.875000000000000       0.48868161261056703        2.0075090991295750E-003   3.5612183118759917E-003  -6.4920070518824482E-003  -2.3503720643464430E-002  -9.7736322522113395E-002   4.2734619742511902E-003  -2.4090109189556645E-004
  -55.500000000000000       0.48865291976231079        2.0504035922097375E-003   3.5834832019273374E-003  -6.5858405560574344E-003  -2.3684359260245029E-002  -9.7730583952462147E-002   4.3001798423128049E-003  -2.4604843106516264E-004
  -55.125000000000000       0.48862339154261897        2.0946550931385572E-003   3.6059983297929868E-003  -6.6817569595127909E-003  -2.3867913144662311E-002  -9.7724678308523771E-002   4.3271979957515841E-003  -2.5135861117663266E-004
  -54.750000000000000       0.48859299537897088        2.1403195711515834E-003   3.6287667689660088E-003  -6.7798191344862844E-003  -2.4054454976925422E-002  -9.7718599075794194E-002   4.3545201227592105E-003  -2.5683834853818660E-004
  -54.375000000000000       0.48856169711667369        2.1874558217294376E-003   3.6517915765634096E-003  -6.8800923615380980E-003  -2.4244059883310846E-002  -9.7712339423334724E-002   4.3821498918760913E-003  -2.6249469860753011E-004
  -54.000000000000000       0.48852946092716726        2.2361256350185194E-003   3.6750757868540362E-003  -6.9826444413620603E-003  -2.4436805538876578E-002  -9.7705892185433435E-002   4.4100909442248435E-003  -2.6833507620222343E-004
  -53.625000000000000       0.48849624921016860        2.2863939758094717E-003   3.6986224041153648E-003  -7.0875458126788971E-003  -2.4632772275275727E-002  -9.7699249842033722E-002   4.4383468849384378E-003  -2.7436727709712522E-004
  -53.250000000000000       0.48846202248918141        2.3383291759718093E-003   3.7224343947553189E-003  -7.1948696765886085E-003  -2.4832043193956210E-002  -9.7692404497836283E-002   4.4669212737063826E-003  -2.8059950111661535E-004
  -52.875000000000000       0.48842673929985975        2.3920031403219483E-003   3.7465146786290690E-003  -7.3046921277851356E-003  -2.5034704285050662E-002  -9.7685347859971933E-002   4.4958176143548830E-003  -2.8704037683865546E-004
  -52.500000000000000       0.48839035607067294        2.4474915669830807E-003   3.7708661194737676E-003  -7.4170922930644834E-003  -2.5240844552279363E-002  -9.7678071214134576E-002   4.5250393433685209E-003  -2.9369898803798227E-004
  -52.125000000000000       0.48835282699526694        2.5048741833908965E-003   3.7954915143765520E-003  -7.5321524775874863E-003  -2.5450556144208721E-002  -9.7670565399053375E-002   4.5545898172518629E-003  -3.0058490200692250E-004
  -51.750000000000000       0.48831410389586410        2.5642349992053798E-003   3.8203935821826914E-003  -7.6499583193907084E-003  -2.5663934492228445E-002  -9.7662820779172807E-002   4.5844722986192301E-003  -3.0770819990464678E-004
  -51.375000000000000       0.48827413607699083        2.6256625774931080E-003   3.8455749507413707E-003  -7.7705989526738921E-003  -2.5881078455633390E-002  -9.7654827215398157E-002   4.6146899408896448E-003  -3.1507950929918270E-004
  -51.000000000000000       0.48823287016875028        2.6892503256778686E-003   3.8710381428762384E-003  -7.8941671804295521E-003  -2.6102090474218739E-002  -9.7646574033750044E-002   4.6452457714514861E-003  -3.2271003908136339E-004
  -50.625000000000000       0.48819024995879651        2.7550968078849194E-003   3.8967855609563598E-003  -8.0207596570208740E-003  -2.6327076728823104E-002  -9.7638049991759304E-002   4.6761426731476317E-003  -3.3061161694620823E-004
  -50.250000000000000       0.48814621621208187        2.8233060804600195E-003   3.9228194699304402E-003  -8.1504770813571100E-003  -2.6556147310279585E-002  -9.7629243242416369E-002   4.7073833639165279E-003  -3.3879672965521921E-004
  -49.875000000000000       0.48810070647736875        2.8939880526073361E-003   3.9491419786730599E-003  -8.2834244013625033E-003  -2.6789416397263330E-002  -9.7620141295473736E-002   4.7389703744076719E-003  -3.4727856631286104E-004
  -49.500000000000000       0.48805365487940355        2.9672588742693331E-003   3.9757550194759531E-003  -8.4197110304849269E-003  -2.7027002443553511E-002  -9.7610730975880702E-002   4.7709060233711437E-003  -3.5607106491231198E-004
  -49.125000000000000       0.48800499189554530        3.0432413535802063E-003   4.0026603254998310E-003  -8.5594510770443302E-003  -2.7269028375258218E-002  -9.7600998379109044E-002   4.8031923905997968E-003  -3.6518896242962153E-004
  -48.750000000000000       0.48795464411553269        3.1220654064334865E-003   4.0298594059829437E-003  -8.7027635872795588E-003  -2.7515621798584484E-002  -9.7590928823106507E-002   4.8358312871795324E-003  -3.7464784877201641E-004
  -48.375000000000000       0.48790253398294248        3.2038685409615962E-003   4.0573535189808059E-003  -8.8497728030143448E-003  -2.7766915218768919E-002  -9.7580506796588487E-002   4.8688242227769669E-003  -3.8446422491540921E-004
  -48.000000000000000       0.48784857951675953        3.2887963799886305E-003   4.0851436413875172E-003  -9.0006084349309543E-003  -2.8023046270821170E-002  -9.7569715903351908E-002   4.9021723696650206E-003  -3.9465556559863514E-004
  -47.625000000000000       0.48779269401132308        3.3770032248154965E-003   4.1132304359621950E-003  -9.1554059525124198E-003  -2.8284157962770146E-002  -9.7558538802264602E-002   4.9358765231546338E-003  -4.0524038697788866E-004
  -47.250000000000000       0.48773478571274359        3.4686526640376933E-003   4.1416142150540796E-003  -9.3143068917921207E-003  -2.8550398932141539E-002  -9.7546957142548713E-002   4.9699370580648956E-003  -4.1623831968452140E-004
  -46.875000000000000       0.48767475746970457        3.5639182314470088E-003   4.1702949006863603E-003  -9.4774591821338121E-003  -2.8821923716437294E-002  -9.7534951493940911E-002   5.0043538808236324E-003  -4.2767018777362440E-004
  -46.500000000000000       0.48761250635634551        3.6629841174960747E-003   4.1992719806213828E-003  -9.6450174933548922E-003  -2.9098893038428351E-002  -9.7522501271269088E-002   5.0391263767456587E-003  -4.3955809409954098E-004
  -46.125000000000000       0.48754792326470170        3.7660459392412802E-003   4.2285444599879938E-003  -9.8171436046030590E-003  -2.9381474107116692E-002  -9.7509584652940337E-002   5.0742533519855925E-003  -4.5192551270896789E-004
  -45.750000000000000       0.48748089246391929        3.8733115741878062E-003   4.2581108080049406E-003  -9.9940067965004729E-003  -2.9669840935266832E-002  -9.7496178492783858E-002   5.1097329696059290E-003  -4.6479738890254865E-004
  -45.375000000000000       0.48741129112317516        3.9850020640257522E-003   4.2879688992816713E-003  -1.0175784268181109E-002  -2.9964174674451484E-002  -9.7482258224635021E-002   5.1455626791380056E-003  -4.7820024768308045E-004
  -45.000000000000000       0.48733898879492410        4.1013525948604560E-003   4.3181159491189475E-003  -1.0362661580966956E-002  -3.0264663968602189E-002  -9.7467797758984800E-002   5.1817391389427370E-003  -4.9216231138324697E-004
  -44.625000000000000       0.48726384685473795        4.2226135612417909E-003   4.3485484421655783E-003  -1.0554833130556733E-002  -3.0571505327100047E-002  -9.7452769370947573E-002   5.2182581305986941E-003  -5.0671362734901388E-004
  -44.250000000000000       0.48718571789361681        4.3490517220653368E-003   4.3792620537131685E-003  -1.0752502649738127E-002  -3.0884903518486162E-002  -9.7437143578723351E-002   5.2551144644558019E-003  -5.2188620664784797E-004
  -43.875000000000000       0.48710444505820988        4.4809514572883881E-003   4.4102515628271924E-003  -1.0955883743780726E-002  -3.1205071985912904E-002  -9.7420889011641976E-002   5.2923018753926309E-003  -5.3771417487460255E-004
  -43.500000000000000       0.48701986133390435        4.6186161353646655E-003   4.4415107564185589E-003  -1.1165200460823034E-002  -3.1532233285496328E-002  -9.7403972266780853E-002   5.3298129077022707E-003  -5.5423393624376633E-004
  -43.125000000000000       0.48693178876519144        4.7623696023874288E-003   4.4730323232536912E-003  -1.1380687899732582E-002  -3.1866619548764137E-002  -9.7386357753038277E-002   5.3676387879044293E-003  -5.7148435228649721E-004
  -42.750000000000000       0.48684003760711736        4.9125578051316303E-003   4.5048077367815511E-003  -1.1602592858094195E-002  -3.2208472970422106E-002  -9.7368007521423452E-002   5.4057692841378612E-003  -5.8950693661578911E-004
  -42.375000000000000       0.48674440540094305        5.0695505615482974E-003   4.5368271255208309E-003  -1.1831174523167192E-002  -3.2558046322681340E-002  -9.7348881080188604E-002   5.4441925506249975E-003  -6.0834606738580262E-004
  -42.000000000000000       0.48664467596637878        5.2337434937793558E-003   4.5690791295978535E-003  -1.2066705208847773E-002  -3.2915603497397104E-002  -9.7328935193275734E-002   5.4828949555174242E-003  -6.2804921925354771E-004
  -41.625000000000000       0.48654061830190620        5.4055601404649897E-003   4.6015507418529153E-003  -1.2309471141878003E-002  -3.3281420077264839E-002  -9.7308123660381232E-002   5.5218608902234982E-003  -6.4866721685577424E-004
  -41.250000000000000       0.48643198538374677        5.5854542670305428E-003   4.6342271317372057E-003  -1.2559773300755906E-002  -3.3655783937294181E-002  -9.7286397076749354E-002   5.5610725580846464E-003  -6.7025451204366334E-004
  -40.875000000000000       0.48631851285295397        5.7739123948036932E-003   4.6670914500004891E-003  -1.2817928311021491E-002  -3.4038995877733472E-002  -9.7263702570590777E-002   5.6005097400005869E-003  -6.9286948737643222E-004
  -40.500000000000000       0.48619991757891295        5.9714565722142144E-003   4.7001246119182070E-003  -1.3084269400820164E-002  -3.4431370289542039E-002  -9.7239983515782571E-002   5.6401495343018481E-003  -7.1657478866570294E-004
  -40.125000000000000       0.48607589608616153        6.1786474140850551E-003   4.7333050565205861E-003  -1.3359147420872497E-002  -3.4833235853390675E-002  -9.7215179217232300E-002   5.6799660678247032E-003  -7.4143768969018632E-004
  -39.750000000000000       0.48594612282992788        6.3960874380790383E-003   4.7666084789614047E-003  -1.3642931933208152E-002  -3.5244936273012957E-002  -9.7189224565985569E-002   5.7199301747536862E-003  -7.6753049256949668E-004
  -39.375000000000000       0.48581024830405423        6.6244247308556194E-003   4.8000075327939411E-003  -1.3936012373243113E-002  -3.5666831043510455E-002  -9.7162049660810823E-002   5.7600090393527294E-003  -7.9493096770269218E-004
  -39.000000000000000       0.48566789696304091        6.8643569803980382E-003   4.8334714985001394E-003  -1.4238799289990932E-002  -3.6099296254929067E-002  -9.7133579392608180E-002   5.8001657982001669E-003  -8.2372283764777941E-004
  -38.625000000000000       0.48551866493775336        7.1166359154183571E-003   4.8669659141382330E-003  -1.4551725669388421E-002  -3.6542725431046169E-002  -9.7103732987550678E-002   5.8403590969658796E-003  -8.5399630985020494E-004
  -38.250000000000000       0.48536211752186431        7.3820721977506144E-003   4.9004521634252295E-003  -1.4875248345877150E-002  -3.6997530402826988E-002  -9.7072423504372854E-002   5.8805425961102756E-003  -8.8584866373006370E-004
  -37.875000000000000       0.48519778640331496        7.6615408193211705E-003   4.9338870159434571E-003  -1.5209849507498124E-002  -3.7464142215392876E-002  -9.7039557280662977E-002   5.9206644191321491E-003  -9.1938489831852751E-004
  -37.500000000000000       0.48502516661192202        7.9559870617103602E-003   4.9672221134430808E-003  -1.5556038299812188E-002  -3.7943012066567326E-002  -9.7005033322384401E-002   5.9606665361316971E-003  -9.5471844740524481E-004
  -37.125000000000000       0.48484371315069053        8.2664330836029979E-003   5.0004033953912584E-003  -1.5914352533930188E-002  -3.8434612274089286E-002  -9.6968742630138091E-002   6.0004840744695099E-003  -9.9197197003237703E-004
  -36.750000000000000       0.48465283727435465        8.5939852096835675E-003   5.0333704559775106E-003  -1.6285360503797138E-002  -3.8939437267363271E-002  -9.6930567454870928E-002   6.0400445471730131E-003  -1.0312782251620039E-003
  -36.375000000000000       0.48445190237410318        8.9398420038982202E-003   5.0660558237058022E-003  -1.6669662917587810E-002  -3.9458004598097202E-002  -9.6890380474820625E-002   6.0792669884469621E-003  -1.0727810404678030E-003
  -36.000000000000000       0.48424021942226514        9.3053032206471386E-003   5.0983841534650472E-003  -1.7067894947591779E-002  -3.9990855962292932E-002  -9.6848043884453019E-002   6.1180609841580570E-003  -1.1166363864776603E-003
  -35.625000000000000       0.48401704192488976        9.6917797395183573E-003   5.1302713195471436E-003  -1.7480728402238969E-002  -4.0538558223723896E-002  -9.6803408384977932E-002   6.1563255834565719E-003  -1.1630135687421841E-003
  -35.250000000000000       0.48378156032350794        1.0100804602899135E-002   5.1616233964462228E-003  -1.7908874022867723E-002  -4.1101704426150069E-002  -9.6756312064701588E-002   6.1939480757354668E-003  -1.2120965523478939E-003
  -34.875000000000000       0.48353289577987046        1.0534045291334370E-002   5.1923355123923423E-003  -1.8353083906379148E-002  -4.1680914777968717E-002  -9.6706579155974082E-002   6.2308026148708102E-003  -1.2640854349601324E-003
  -34.500000000000000       0.48327009326896508        1.0993317389154648E-002   5.2222905584087603E-003  -1.8814154052939139E-002  -4.2276837588623419E-002  -9.6654018653793014E-002   6.2667486700905125E-003  -1.3191980866985389E-003
  -34.125000000000000       0.48299211389601793        1.1480599812916751E-002   5.2513577331913773E-003  -1.9292927035239799E-002  -4.2890150130708717E-002  -9.6598422779203580E-002   6.3016292798296529E-003  -1.3776719775500043E-003
  -33.750000000000000       0.48269782634234731        1.1998051797888628E-002   5.2793909012413091E-003  -1.9790294782337157E-002  -4.3521559395088595E-002  -9.6539565268469449E-002   6.3352690814895704E-003  -1.4397662157466318E-003
  -33.375000000000000       0.48238599733272614        1.2548031863486001E-002   5.3062267383803645E-003  -2.0307201466516361E-002  -4.4171802698214385E-002  -9.6477199466545205E-002   6.3674720860564379E-003  -1.5057638236183044E-003
  -33.000000000000000       0.48205528100315570        1.3133119007609962E-002   5.3316826349789270E-003  -2.0844646475714206E-002  -4.4841648090835268E-002  -9.6411056200631132E-002   6.3980191619747119E-003  -1.5759742809132009E-003
  -32.625000000000000       0.48170420703252936        1.3756136412573694E-002   5.3555543228534517E-003  -2.1403687446398742E-002  -4.5531894505026545E-002  -9.6340841406505853E-002   6.4266651874241420E-003  -1.6507363695088244E-003
  -32.250000000000000       0.48133116738440956        1.4420177982134744E-002   5.3776131867637458E-003  -2.1985443322018350E-002  -4.6243371561396497E-002  -9.6266233476881916E-002   6.4531358241164943E-003  -1.7304213578561564E-003
  -31.875000000000000       0.48093440148592564        1.5128638070440840E-002   5.3976032156674890E-003  -2.2591097389625579E-002  -4.6976938939833755E-002  -9.6186880297185112E-002   6.4771238588009865E-003  -1.8154365684529097E-003
  -31.500000000000000       0.48051197964952813        1.5885244809737149E-002   5.4152375422706657E-003  -2.3221900231352868E-002  -4.7733485194448082E-002  -9.6102395929905618E-002   6.4982850507247988E-003  -1.9062293771684672E-003
  -31.125000000000000       0.48006178451995835        1.6694097494755367E-002   5.4301945118411339E-003  -2.3879172507178029E-002  -4.8513925865470028E-002  -9.6012356903991652E-002   6.5162334142093601E-003  -2.0032916993706247E-003
  -30.750000000000000       0.47958149030334335        1.7559708537886302E-002   5.4421132126164984E-003  -2.4564307459759779E-002  -4.9319200706635334E-002  -9.5916298060668662E-002   6.5305358551397980E-003  -2.1071650245463305E-003
  -30.375000000000000       0.47906853950800149        1.8487050570401727E-002   5.4505883903259800E-003  -2.5278772999652071E-002  -5.0150269804539960E-002  -9.5813707901600279E-002   6.5407060683911767E-003  -2.2184460684482039E-003
  -30.000000000000000       0.47852011689770124        1.9481609330660232E-002   5.4551646582558190E-003  -2.6024113188175206E-002  -5.1008108314842968E-002  -9.5704023379540232E-002   6.5461975899069828E-003  -2.3377931196792347E-003
  -29.625000000000000       0.47793312032845298        2.0549443049381746E-002   5.4553299018370131E-003  -2.6801948883445215E-002  -5.1893699476854044E-002  -9.5586624065690587E-002   6.5463958822044154E-003  -2.4659331659258091E-003
  -29.250000000000000       0.47730412811052120        2.1697249112901686E-002   5.4505077628801725E-003  -2.7613977249810823E-002  -5.2808025490341949E-002  -9.5460825622104228E-002   6.5406093154562065E-003  -2.6036698935482149E-003
  -28.875000000000000       0.47662936250996935        2.2932438854860064E-002   5.4400490733504140E-003  -2.8461969748815385E-002  -5.3752055743150798E-002  -9.5325872501993855E-002   6.5280588880204972E-003  -2.7518926625832094E-003
  -28.500000000000000       0.47590464898126361        2.4263221390462077E-002   5.4232220921003466E-003  -2.9347768126560772E-002  -5.4726731761571661E-002  -9.5180929796252714E-002   6.5078665105204160E-003  -2.9115865668554461E-003
  -28.125000000000000       0.47512537070808902        2.5698697458370744E-002   5.3992013805673122E-003  -3.0273277782766315E-002  -5.5732948112792009E-002  -9.5025074141617788E-002   6.4790416566807745E-003  -3.0838436950045142E-003
  -27.750000000000000       0.47428641802907229        2.7248964263284093E-002   5.3670551356543444E-003  -3.1240457744450147E-002  -5.6771528314701343E-002  -9.4857283605814469E-002   6.4404661627852139E-003  -3.2698757115940968E-003
  -27.375000000000000       0.47338213234641074        2.8925232302631738E-002   5.3257307807983408E-003  -3.2251306264141813E-002  -5.7843194596519917E-002  -9.4676426469282149E-002   6.3908769369580088E-003  -3.4710278763158187E-003
  -27.000000000000000       0.47240624416951521        3.0739955092631853E-002   5.2740386010869432E-003  -3.3307840809342910E-002  -5.8948530096876658E-002  -9.4481248833903020E-002   6.3288463213043329E-003  -3.6887946111158467E-003
  -26.625000000000000       0.47135180504815782        3.2706972552555086E-002   5.2106331975247076E-003  -3.4412070895218180E-002  -6.0087931776017567E-002  -9.4270361009631556E-002   6.2527598370296488E-003  -3.9248367063066010E-003
  -26.250000000000000       0.47021111332160243        3.4841668520116630E-002   5.1339925326261918E-003  -3.5565961822886211E-002  -6.1261551947163484E-002  -9.4042222664320468E-002   6.1607910391514300E-003  -4.1810002224140176E-003
  -25.875000000000000       0.46897563388112390        3.7161142398182655E-002   5.0423943495023736E-003  -3.6771386905947646E-002  -6.2469225890121244E-002  -9.3795126776224758E-002   6.0508732194028483E-003  -4.4593370877819274E-003
  -25.500000000000000       0.46763591255307574        3.9684394194844569E-002   4.9338897768441874E-003  -3.8030065181285211E-002  -6.3710382490733242E-002  -9.3527182510615148E-002   5.9206677322130247E-003  -4.7621273033813440E-003
  -25.125000000000000       0.46618148631194362        4.2432521108739400E-002   4.8062739931485450E-003  -3.9343480889373575E-002  -6.4983934248340425E-002  -9.3236297262388704E-002   5.7675287917782541E-003  -5.0919025330487351E-003
  -24.750000000000000       0.46460079139922644        4.5428922185842421E-002   4.6570539298846263E-003  -4.0712780158412842E-002  -6.6288142312083201E-002  -9.2920158279845289E-002   5.5884647158615519E-003  -5.4514706623010655E-003
  -24.375000000000000       0.46288107264859507        4.8699505242792838E-002   4.4834131654679851E-003  -4.2138639324439252E-002  -6.7620451458664549E-002  -9.2576214529718995E-002   5.3800957985615820E-003  -5.8439406291351447E-003
  -24.000000000000000       0.46100829902218854        5.2272886967097539E-002   4.2821744277975766E-003  -4.3621098165827286E-002  -6.8977289141090248E-002  -9.2201659804437702E-002   5.1386093133570917E-003  -6.2727464360517252E-003
  -23.625000000000000       0.45896709270087377        5.6180572549332140E-002   4.0497605202132261E-003  -4.5159350045312796E-002  -7.0353821982180334E-002  -9.1793418540174740E-002   4.8597126242558714E-003  -6.7416687059198713E-003
  -23.250000000000000       0.45674068223121989        6.0457094983086331E-002   3.7821550633924477E-003  -4.6751479591351168E-002  -7.1743662467840821E-002  -9.1348136446243955E-002   4.5385860760709367E-003  -7.2548513979703516E-003
  -22.875000000000000       0.45431089443482137        6.5140085815081364E-002   3.4748652671065497E-003  -4.8394137227298475E-002  -7.3138518294035185E-002  -9.0862178886964254E-002   4.1698383205278598E-003  -7.8168102978097547E-003
  -22.500000000000000       0.45165820527270001        7.0270238114052669E-002   3.1228900888038581E-003  -5.0082138777835822E-002  -7.4527777123155142E-002  -9.0331641054539988E-002   3.7474681065646294E-003  -8.4324285736863368E-003
  -22.125000000000000       0.44876187686011193        7.5891108223115025E-002   2.7206986915399834E-003  -5.1807977893540316E-002  -7.5898020842451674E-002  -8.9752375372022367E-002   3.2648384298479796E-003  -9.1069329867738153E-003
  -21.750000000000000       0.44560021650483261        8.2048685048989170E-002   2.2622261784736052E-003  -5.3561239686913890E-002  -7.7232466421329513E-002  -8.9120043300966512E-002   2.7146714141683265E-003  -9.8458422058787329E-003
  -21.375000000000000       0.44215100397118784        8.8790634131943172E-002   1.7408962404598775E-003  -5.5327906601001432E-002  -7.8510336023246016E-002  -8.8430200794237565E-002   2.0890754885518532E-003  -1.0654876095833175E-002
  -21.000000000000000       0.43839214475825145        9.6165099136174645E-002   1.1496836480724077E-003  -5.7089553341954764E-002  -7.9706168329837526E-002  -8.7678428951650275E-002   1.3796203776868892E-003  -1.1539811896340972E-002
  -20.625000000000000       0.43430261896589367       0.10421891758390729        4.8123338689730653E-004  -5.8822438354018236E-002  -8.0789097571006649E-002  -8.6860523793178726E-002   5.7748006427676783E-004  -1.2506270110068869E-002
  -20.250000000000000       0.42986380516313571       0.11299508464802725       -2.7194258680647679E-004  -6.0496516915055136E-002  -8.1722148221875526E-002  -8.5972761032627132E-002  -3.2633110416777214E-004  -1.3559410157763248E-002
  -19.875000000000000       0.42506126278981493       0.12252928592168659       -1.1171661065363585E-003  -6.2074427922546548E-002  -8.2461623335020440E-002  -8.5012252557962964E-002  -1.3405993278436301E-003  -1.4703514310602375E-002
  -19.500000000000000       0.41988704899263468       0.13284532919624653       -2.0611637437063465E-003  -6.3510545152672113E-002  -8.2956703918940430E-002  -8.3977409798526928E-002  -2.4733964924476158E-003  -1.5941439503549610E-002
  -19.125000000000000       0.41434261770630071       0.14394935396495143       -3.1094814348284539E-003  -6.4750235485170879E-002  -8.3149424703833491E-002  -8.2868523541260133E-002  -3.7313777217941446E-003  -1.7273922475794137E-002
  -18.750000000000000       0.40844228899593332       0.15582280880861668       -4.2657231248429397E-003  -6.5729529838075923E-002  -8.2975243506731633E-002  -8.1688457799186653E-002  -5.1188677498115271E-003  -1.8698737057033999E-002
  -18.375000000000000       0.40221717295660137       0.16841438706730552       -5.5306101780072071E-003  -6.6375480607365950E-002  -8.2364466751296661E-002  -8.0443434591320279E-002  -6.6367322136086484E-003  -2.0209726448076653E-002
  -18.000000000000000       0.39571927563257370       0.18163142153533871       -6.9008880583750981E-003  -6.6607537045265189E-002  -8.1244813777448410E-002  -7.9143855126514742E-002  -8.2810656700501185E-003  -2.1795770584240631E-002
  -17.625000000000000       0.38902530579205585       0.19533166105102065       -8.3681524461249480E-003  -6.6340290799112175E-002  -7.9545369422017953E-002  -7.7805061158411154E-002  -1.0041782935349939E-002  -2.3439799326122463E-002
  -17.250000000000000       0.38223946368814921       0.20931684571965886       -9.9177274151228002E-003  -6.5487890139101168E-002  -7.7202053687116426E-002  -7.6447892737629822E-002  -1.1901272898147361E-002  -2.5118021486359079E-002
  -16.875000000000000       0.37549428181293448       0.22332995661220043       -1.1527795371675933E-002  -6.3970250936479664E-002  -7.4164498621072508E-002  -7.5098856362586883E-002  -1.3833354446011119E-002  -2.6799594793464061E-002
  -16.500000000000000       0.36894849666542739       0.23705825429039870       -1.3169033934941274E-002  -6.1720875072777286E-002  -7.0403858383650472E-002  -7.3789699333085476E-002  -1.5802840721929529E-002  -2.8446990514847847E-002
  -16.125000000000000       0.36278107787574521       0.25014399578531704       -1.4805030651286369E-002  -5.8695632088976601E-002  -6.5920630339828451E-002  -7.2556215575149019E-002  -1.7766036781543641E-002  -3.0017279494238047E-002
  -15.750000000000000       0.35718102706484811       0.26220381376402657       -1.6393690745262091E-002  -5.4881346142099191E-002  -6.0751143817967451E-002  -7.1436205412969647E-002  -1.9672428894314510E-002  -3.1464457651683188E-002
  -15.375000000000000       0.35233339662398228       0.27285610136363364       -1.7889705652289759E-002  -5.0302617140655620E-002  -5.4971153113541921E-002  -7.0466679324796458E-002  -2.1467646782747710E-002  -3.2742732163636032E-002
  -15.000000000000000       0.34840302514641003       0.28175362867160458       -1.9247921060509866E-002  -4.5025200178314496E-002  -4.8695137127185047E-002  -6.9680605029281986E-002  -2.3097505272611837E-002  -3.3810435440592548E-002
  -14.625000000000000       0.34551842846368891       0.28861663258642817       -2.0427186122478066E-002  -3.9154640085878267E-002  -4.2070557571083779E-002  -6.9103685692737782E-002  -2.4512623346973680E-002  -3.4633995910371397E-002
  -14.250000000000000       0.34375872990774614       0.29326057025007496       -2.1394068937127652E-002  -3.2829724428736766E-002  -3.5267374017978935E-002  -6.8751745981549234E-002  -2.5672882724553182E-002  -3.5191268430008998E-002
  -13.875000000000000       0.34314617234267752       0.29561322952487418       -2.2125775915096072E-002  -2.6211473376382580E-002  -2.8464260814298863E-002  -6.8629234468535485E-002  -2.6550931098115287E-002  -3.5473587542984901E-002
  -13.500000000000000       0.34364562998030374       0.29571800666298753       -2.2611755044578571E-002  -1.9469449063157160E-002  -2.1833812118674422E-002  -6.8729125996060736E-002  -2.7134106053494284E-002  -3.5486160799558505E-002
  -13.125000000000000       0.34517097465832636       0.29372325277063921       -2.2853758331775383E-002  -1.2767753558249982E-002  -1.5529234285393894E-002  -6.9034194931665280E-002  -2.7424509998130460E-002  -3.5246790332476692E-002
  -12.750000000000000       0.34759669076005223       0.28986058514626067       -2.2864484062030219E-002  -6.2529942193960270E-003  -9.6745400476470657E-003  -6.9519338152010446E-002  -2.7437380874436260E-002  -3.4783270217551308E-002
  -12.375000000000000       0.35077224989541628       0.28441697493049062       -2.2665196864398860E-002  -4.5811697160476747E-005  -4.3592921856361374E-003  -7.0154449979083253E-002  -2.7198236237278631E-002  -3.4130036991658876E-002
  -12.000000000000000       0.35453664502966303       0.27770581226397428       -2.2282855342794880E-002   5.7634087469209594E-003   3.6212924551054450E-004  -7.0907329005932593E-002  -2.6739426411353857E-002  -3.3324697471676927E-002
  -11.625000000000000       0.35873101905386151       0.27004121048734869       -2.1747253656436556E-002   1.1114936143357393E-002   4.4675991472747333E-003  -7.1746203810772305E-002  -2.6096704387723865E-002  -3.2404945258481858E-002
  -11.250000000000000       0.36320818704566565       0.26171814956964606       -2.1088551381146913E-002   1.5977106856824155E-002   7.9619463459460887E-003  -7.2641637409133111E-002  -2.5306261657376296E-002  -3.1406177948357553E-002
  -10.875000000000000       0.36783871456745904       0.25299933742646913       -2.0335393319889750E-002   2.0341890864513160E-002   1.0870589217113050E-002  -7.3567742913491802E-002  -2.4402471983867701E-002  -3.0359920491176313E-002
  -10.500000000000000       0.37251385975858303       0.24410833920845368       -1.9513664848189852E-002   2.4219678695777715E-002   1.3233169655989530E-002  -7.4502771951716604E-002  -2.3416397817827821E-002  -2.9293000705014460E-002
  -10.125000000000000       0.37714604321909612       0.23522775664272136       -1.8645819562957317E-002   2.7634108858064114E-002   1.5097887215856077E-002  -7.5429208643819204E-002  -2.2374983475548779E-002  -2.8227330797126578E-002
  -9.7500000000000000       0.38166761287863493       0.22650097920237092       -1.7750659749601300E-002   3.0617456848717143E-002   1.6516887826075490E-002  -7.6333522575726981E-002  -2.1300791699521558E-002  -2.7180117504284517E-002
  -9.3750000000000000       0.38602860578591186       0.21803611760123284       -1.6843436147660065E-002   3.3206840426958463E-002   1.7542793441361875E-002  -7.7205721157182369E-002  -2.0212123377192075E-002  -2.6164334112147945E-002
  -9.0000000000000000       0.39019406113943328       0.20991099851501829       -1.5936146011693006E-002   3.5441299436773446E-002   1.8226287822501273E-002  -7.8038812227886667E-002  -1.9123375214031606E-002  -2.5189319821802211E-002
  -8.6250000000000000       0.39414127276414684       0.20217841797482103       -1.5037933336036646E-002   3.7359686482083862E-002   1.8614587104460567E-002  -7.8828254552829366E-002  -1.8045520003243977E-002  -2.4261410156978525E-002
  -8.2500000000000000       0.39785722146824382       0.19487114218524207       -1.4155522427725933E-002   3.8999243882756107E-002   1.8750597859296135E-002  -7.9571444293648749E-002  -1.6986626913271120E-002  -2.3384537062229035E-002
  -7.8750000000000000       0.40133631340558079       0.18800637463359210       -1.3293640261578534E-002   4.0394723885861052E-002   1.8672575963536067E-002  -8.0267262681116142E-002  -1.5952368313894242E-002  -2.2560764956031053E-002
  -7.5000000000000000       0.40457847116202111       0.18158957148112348       -1.2455402034671985E-002   4.1577915909878964E-002   1.8414127966995361E-002  -8.0915694232404217E-002  -1.4946482441606382E-002  -2.1790748577734807E-002
  -7.1250000000000000       0.40758757448274302       0.17561759201681640       -1.1642647866432307E-002   4.2577463769673085E-002   1.8004430430728288E-002  -8.1517514896548599E-002  -1.3971177439718768E-002  -2.1074111042017975E-002
  -6.7500000000000000       0.41037021994620154       0.17008123113910759       -1.0856227454870018E-002   4.3418878976153048E-002   1.7468574837873656E-002  -8.2074043989240314E-002  -1.3027472945844021E-002  -2.0409747736692921E-002
  -6.3750000000000000       0.41293475641887734       0.16496720999966691       -1.0096234800058054E-002   4.4124678565059729E-002   1.6827972954939312E-002  -8.2586951283775453E-002  -1.2115481760069664E-002  -1.9796065199960043E-002
  -6.0000000000000000       0.41529055012530702       0.16025971028320873       -9.3621978996137629E-003   4.4714595233010870E-002   1.6100779027011309E-002  -8.3058110025061402E-002  -1.1234637479536515E-002  -1.9231165233985052E-002
  -5.6250000000000000       0.41744743553646041       0.15594153536114402       -8.6532294728722623E-003   4.5205823133139172E-002   1.5302301255432875E-002  -8.3489487107292065E-002  -1.0383875367446716E-002  -1.8712984243337304E-002
  -5.2500000000000000       0.41941531327465376       0.15199497335750148       -7.9681449235150369E-003   4.5613274626770853E-002   1.4445386487286259E-002  -8.3883062654930743E-002  -9.5617739082180433E-003  -1.8239396802900189E-002
  -4.8750000000000000       0.42120386215359928       0.14840242655630850       -7.3055533496041046E-003   4.5949832097906124E-002   1.3540769926494979E-002  -8.4240772430719840E-002  -8.7666640195249255E-003  -1.7808291186757023E-002
  -4.5000000000000000       0.42282233834532840       0.14514686064592638       -6.6639267450537137E-003   4.6226585222378186E-002   1.2597386867323212E-002  -8.4564467669065682E-002  -7.9967120940644572E-003  -1.7417623277511174E-002
  -4.1250000000000000       0.42427943999607542       0.14221211714596965       -6.0416517851258648E-003   4.6453048427781612E-002   1.1622646710609289E-002  -8.4855887999215091E-002  -7.2499821421510378E-003  -1.7065454057516347E-002
  -3.7500000000000000       0.42558322019823730       0.13958312349302723       -5.4370678517675257E-003   4.6637356184588280E-002   1.0622671442410067E-002  -8.5116644039647457E-002  -6.5244814221210312E-003  -1.6749974819163266E-002
  -3.3750000000000000       0.42674103503076738       0.13724602780977155       -4.8484942843552087E-003   4.6786435635222293E-002   9.6025017743746229E-003  -8.5348207006153476E-002  -5.8181931412262505E-003  -1.6469523337172595E-002
  -3.0000000000000000       0.42775951645897231       0.13518827929110530       -4.2742492592133191E-003   4.6906157204452750E-002   8.5662745821338745E-003  -8.5551903291794448E-002  -5.1290991110559828E-003  -1.6222593514932653E-002
  -2.6250000000000000       0.42864456232860049       0.13339867026130994       -3.7126622111361245E-003   4.7001464469929873E-002   7.5173753539811046E-003  -8.5728912465720092E-002  -4.4551946533633495E-003  -1.6007840431357192E-002
  -2.2500000000000000       0.42940133760109422       0.13186735210563713       -3.1620813067536036E-003   4.7076484871216608E-002   6.4585692281948059E-003  -8.5880267520218850E-002  -3.7944975681043244E-003  -1.5824082252676452E-002
  -1.8750000000000000       0.43003428245565323       0.13058583427644679       -2.6208771533398714E-003   4.7134622915875495E-002   5.3921139539143056E-003  -8.6006856491130629E-002  -3.1450525840078457E-003  -1.5670300113173597E-002
  -1.5000000000000000       0.43054712401726858       0.12954697325187731       -2.0874436666419526E-003   4.7178637482631333E-002   4.3198578224900690E-003  -8.6109424803453710E-002  -2.5049323999703429E-003  -1.5545636790225277E-002
  -1.1250000000000000       0.43094288933298580       0.12874495654050039       -1.5601968168766111E-003   4.7210704678748314E-002   3.2433253244883152E-003  -8.6188577866597144E-002  -1.8722361802519332E-003  -1.5449394784860057E-002
 -0.75000000000000000       0.43122391787336539       0.12817528545788912       -1.0375718136886730E-003   4.7232467517327258E-002   2.1637930167230563E-003  -8.6244783574673078E-002  -1.2450861764264076E-003  -1.5381034254946710E-002
 -0.37500000000000000       0.43139187233299736       0.12783475935117991       -5.1801917052250442E-004   4.7245073462966629E-002   1.0823578480612082E-003  -8.6278374466599458E-002  -6.2162300462700523E-004  -1.5340171122141581E-002
   0.0000000000000000       0.43144774688398851       0.12772146313414659        0.0000000000000000        4.7249200664898849E-002   0.0000000000000000       -8.6289549376797697E-002   0.0000000000000000       -1.5326575576097594E-002
  0.37500000000000000       0.43139187233299736       0.12783475935117991        5.1801917052250442E-004   4.7245073462966629E-002  -1.0823578480612082E-003  -8.6278374466599458E-002   6.2162300462700523E-004  -1.5340171122141581E-002
  0.75000000000000000       0.43122391787336539       0.12817528545788912        1.0375718136886730E-003   4.7232467517327258E-002  -2.1637930167230563E-003  -8.6244783574673078E-002   1.2450861764264076E-003  -1.5381034254946710E-002
   1.1250000000000000       0.43094288933298580       0.12874495654050039        1.5601968168766111E-003   4.7210704678748314E-002  -3.2433253244883152E-003  -8.6188577866597144E-002   1.8722361802519332E-003  -1.5449394784860057E-002
   1.5000000000000000       0.43054712401726858       0.12954697325187731        2.0874436666419526E-003   4.7178637482631333E-002  -4.3198578224900690E-003  -8.6109424803453710E-002   2.5049323999703429E-003  -1.5545636790225277E-002
   1.8750000000000000       0.43003428245565323       0.13058583427644679        2.6208771533398714E-003   4.7134622915875495E-002  -5.3921139539143056E-003  -8.6006856491130629E-002   3.1450525840078457E-003  -1.5670300113173597E-002
   2.2500000000000000       0.42940133760109422       0.13186735210563713        3.1620813067536036E-003   4.7076484871216608E-002  -6.4585692281948059E-003  -8.5880267520218850E-002   3.7944975681043244E-003  -1.5824082252676452E-002
   2.6250000000000000       0.42864456232860049       0.13339867026130994        3.7126622111361245E-003   4.7001464469929873E-002  -7.5173753539811046E-003  -8.5728912465720092E-002   4.4551946533633495E-003  -1.6007840431357192E-002
   3.0000000000000000       0.42775951645897231       0.13518827929110530        4.2742492592133191E-003   4.6906157204452750E-002  -8.5662745821338745E-003  -8.5551903291794448E-002   5.1290991110559828E-003  -1.6222593514932653E-002
   3.3750000000000000       0.42674103503076738       0.13724602780977155        4.8484942843552087E-003   4.6786435635222293E-002  -9.6025017743746229E-003  -8.5348207006153476E-002   5.8181931412262505E-003  -1.6469523337172595E-002
   3.7500000000000000       0.42558322019823730       0.13958312349302723        5.4370678517675257E-003   4.6637356184588280E-002  -1.0622671442410067E-002  -8.5116644039647457E-002   6.5244814221210312E-003  -1.6749974819163266E-002
   4.1250000000000000       0.42427943999607542       0.14221211714596965        6.0416517851258648E-003   4.6453048427781612E-002  -1.1622646710609289E-002  -8.4855887999215091E-002   7.2499821421510378E-003  -1.7065454057516347E-002
   4.5000000000000000       0.42282233834532840       0.14514686064592638        6.6639267450537137E-003   4.6226585222378186E-002  -1.2597386867323212E-002  -8.4564467669065682E-002   7.9967120940644572E-003  -1.7417623277511174E-002
   4.8750000000000000       0.42120386215359928       0.14840242655630850        7.3055533496041046E-003   4.5949832097906124E-002  -1.3540769926494979E-002  -8.4240772430719840E-002   8.7666640195249255E-003  -1.7808291186757023E-002
   5.2500000000000000       0.41941531327465376       0.15199497335750148        7.9681449235150369E-003   4.5613274626770853E-002  -1.4445386487286259E-002  -8.3883062654930743E-002   9.5617739082180433E-003  -1.8239396802900189E-002
   5.6250000000000000       0.41744743553646041       0.15594153536114402        8.6532294728722623E-003   4.5205823133139172E-002  -1.5302301255432875E-002  -8.3489487107292065E-002   1.0383875367446716E-002  -1.8712984243337304E-002
   6.0000000000000000       0.41529055012530702       0.16025971028320873        9.3621978996137629E-003   4.4714595233010870E-002  -1.6100779027011309E-002  -8.3058110025061402E-002   1.1234637479536515E-002  -1.9231165233985052E-002
   6.3750000000000000       0.41293475641887734       0.16496720999966691        1.0096234800058054E-002   4.4124678565059729E-002  -1.6827972954939312E-002  -8.2586951283775453E-002   1.2115481760069664E-002  -1.9796065199960043E-002
   6.7500000000000000       0.41037021994620154       0.17008123113910759        1.0856227454870018E-002   4.3418878976153048E-002  -1.7468574837873656E-002  -8.2074043989240314E-002   1.3027472945844021E-002  -2.0409747736692921E-002
   7.1250000000000000       0.40758757448274302       0.17561759201681640        1.1642647866432307E-002   4.2577463769673085E-002  -1.8004430430728288E-002  -8.1517514896548599E-002   1.3971177439718768E-002  -2.1074111042017975E-002
   7.5000000000000000       0.40457847116202111       0.18158957148112348        1.2455402034671985E-002   4.1577915909878964E-002  -1.8414127966995361E-002  -8.0915694232404217E-002   1.4946482441606382E-002  -2.1790748577734807E-002
   7.8750000000000000       0.40133631340558079       0.18800637463359210        1.3293640261578534E-002   4.0394723885861052E-002  -1.8672575963536067E-002  -8.0267262681116142E-002   1.5952368313894242E-002  -2.2560764956031053E-002
   8.2500000000000000       0.39785722146824382       0.19487114218524207        1.4155522427725933E-002   3.8999243882756107E-002  -1.8750597859296135E-002  -7.9571444293648749E-002   1.6986626913271120E-002  -2.3384537062229035E-002
   8.6250000000000000       0.39414127276414684       0.20217841797482103        1.5037933336036646E-002   3.7359686482083862E-002  -1.8614587104460567E-002  -7.8828254552829366E-002   1.8045520003243977E-002  -2.4261410156978525E-002
   9.0000000000000000       0.39019406113943328       0.20991099851501829        1.5936146011693006E-002   3.5441299436773446E-002  -1.8226287822501273E-002  -7.8038812227886667E-002   1.9123375214031606E-002  -2.5189319821802211E-002
   9.3750000000000000       0.38602860578591186       0.21803611760123284        1.6843436147660065E-002   3.3206840426958463E-002  -1.7542793441361875E-002  -7.7205721157182369E-002   2.0212123377192075E-002  -2.6164334112147945E-002
   9.7500000000000000       0.38166761287863493       0.22650097920237092        1.7750659749601300E-002   3.0617456848717143E-002  -1.6516887826075490E-002  -7.6333522575726981E-002   2.1300791699521558E-002  -2.7180117504284517E-002
   10.125000000000000       0.37714604321909612       0.23522775664272136        1.8645819562957317E-002   2.7634108858064114E-002  -1.5097887215856077E-002  -7.5429208643819204E-002   2.2374983475548779E-002  -2.8227330797126578E-002
   10.500000000000000       0.37251385975858303       0.24410833920845368        1.9513664848189852E-002   2.4219678695777715E-002  -1.3233169655989530E-002  -7.4502771951716604E-002   2.3416397817827821E-002  -2.9293000705014460E-002
   10.875000000000000       0.36783871456745904       0.25299933742646913        2.0335393319889750E-002   2.0341890864513160E-002  -1.0870589217113050E-002  -7.3567742913491802E-002   2.4402471983867701E-002  -3.0359920491176313E-002
   11.250000000000000       0.36320818704566565       0.26171814956964606        2.1088551381146913E-002   1.5977106856824155E-002  -7.9619463459460887E-003  -7.2641637409133111E-002   2.5306261657376296E-002  -3.1406177948357553E-002
   11.625000000000000       0.35873101905386151       0.27004121048734869        2.1747253656436556E-002   1.1114936143357393E-002  -4.4675991472747333E-003  -7.1746203810772305E-002   2.6096704387723865E-002  -3.2404945258481858E-002
   12.000000000000000       0.35453664502966303       0.27770581226397428        2.2282855342794880E-002   5.7634087469209594E-003  -3.6212924551054450E-004  -7.0907329005932593E-002   2.6739426411353857E-002  -3.3324697471676927E-002
   12.375000000000000       0.35077224989541628       0.28441697493049062        2.2665196864398860E-002  -4.5811697160476747E-005   4.3592921856361374E-003  -7.0154449979083253E-002   2.7198236237278631E-002  -3.4130036991658876E-002
   12.750000000000000       0.34759669076005223       0.28986058514626067        2.2864484062030219E-002  -6.2529942193960270E-003   9.6745400476470657E-003  -6.9519338152010446E-002   2.7437380874436260E-002  -3.4783270217551308E-002
   13.125000000000000       0.34517097465832636       0.29372325277063921        2.2853758331775383E-002  -1.2767753558249982E-002   1.5529234285393894E-002  -6.9034194931665280E-002   2.7424509998130460E-002  -3.5246790332476692E-002
   13.500000000000000       0.34364562998030374       0.29571800666298753        2.2611755044578571E-002  -1.9469449063157160E-002   2.1833812118674422E-002  -6.8729125996060736E-002   2.7134106053494284E-002  -3.5486160799558505E-002
   13.875000000000000       0.34314617234267752       0.29561322952487418        2.2125775915096072E-002  -2.6211473376382580E-002   2.8464260814298863E-002  -6.8629234468535485E-002   2.6550931098115287E-002  -3.5473587542984901E-002
   14.250000000000000       0.34375872990774614       0.29326057025007496        2.1394068937127652E-002  -3.2829724428736766E-002   3.5267374017978935E-002  -6.8751745981549234E-002   2.5672882724553182E-002  -3.5191268430008998E-002
   14.625000000000000       0.34551842846368891       0.28861663258642817        2.0427186122478066E-002  -3.9154640085878267E-002   4.2070557571083779E-002  -6.9103685692737782E-002   2.4512623346973680E-002  -3.4633995910371397E-002
   15.000000000000000       0.34840302514641003       0.28175362867160458        1.9247921060509866E-002  -4.5025200178314496E-002   4.8695137127185047E-002  -6.9680605029281986E-002   2.3097505272611837E-002  -3.3810435440592548E-002
   15.375000000000000       0.35233339662398228       0.27285610136363364        1.7889705652289759E-002  -5.0302617140655620E-002   5.4971153113541921E-002  -7.0466679324796458E-002   2.1467646782747710E-002  -3.2742732163636032E-002
   15.750000000000000       0.35718102706484811       0.26220381376402657        1.6393690745262091E-002  -5.4881346142099191E-002   6.0751143817967451E-002  -7.1436205412969647E-002   1.9672428894314510E-002  -3.1464457651683188E-002
   16.125000000000000       0.36278107787574521       0.25014399578531704        1.4805030651286369E-002  -5.8695632088976601E-002   6.5920630339828451E-002  -7.2556215575149019E-002   1.7766036781543641E-002  -3.0017279494238047E-002
   16.500000000000000       0.36894849666542739       0.23705825429039870        1.3169033934941274E-002  -6.1720875072777286E-002   7.0403858383650472E-002  -7.3789699333085476E-002   1.5802840721929529E-002  -2.8446990514847847E-002
   16.875000000000000       0.37549428181293448       0.22332995661220043        1.1527795371675933E-002  -6.3970250936479664E-002   7.4164498621072508E-002  -7.5098856362586883E-002   1.3833354446011119E-002  -2.6799594793464061E-002
   17.250000000000000       0.38223946368814921       0.20931684571965886        9.9177274151228002E-003  -6.5487890139101168E-002   7.7202053687116426E-002  -7.6447892737629822E-002   1.1901272898147361E-002  -2.5118021486359079E-002
   17.625000000000000       0.38902530579205585       0.19533166105102065        8.3681524461249480E-003  -6.6340290799112175E-002   7.9545369422017953E-002  -7.7805061158411154E-002   1.0041782935349939E-002  -2.3439799326122463E-002
   18.000000000000000       0.39571927563257370       0.18163142153533871        6.9008880583750981E-003  -6.6607537045265189E-002   8.1244813777448410E-002  -7.9143855126514742E-002   8.2810656700501185E-003  -2.1795770584240631E-002
   18.375000000000000       0.40221717295660137       0.16841438706730552        5.5306101780072071E-003  -6.6375480607365950E-002   8.2364466751296661E-002  -8.0443434591320279E-002   6.6367322136086484E-003  -2.0209726448076653E-002
   18.750000000000000       0.40844228899593332       0.15582280880861668        4.2657231248429397E-003  -6.5729529838075923E-002   8.2975243506731633E-002  -8.1688457799186653E-002   5.1188677498115271E-003  -1.8698737057033999E-002
   19.125000000000000       0.41434261770630071       0.14394935396495143        3.1094814348284539E-003  -6.4750235485170879E-002   8.3149424703833491E-002  -8.2868523541260133E-002   3.7313777217941446E-003  -1.7273922475794137E-002
   19.500000000000000       0.41988704899263468       0.13284532919624653        2.0611637437063465E-003  -6.3510545152672113E-002   8.2956703918940430E-002  -8.3977409798526928E-002   2.4733964924476158E-003  -1.5941439503549610E-002
   19.875000000000000       0.42506126278981493       0.12252928592168659        1.1171661065363585E-003  -6.2074427922546548E-002   8.2461623335020440E-002  -8.5012252557962964E-002   1.3405993278436301E-003  -1.4703514310602375E-002
   20.250000000000000       0.42986380516313571       0.11299508464802725        2.7194258680647679E-004  -6.0496516915055136E-002   8.1722148221875526E-002  -8.5972761032627132E-002   3.2633110416777214E-004  -1.3559410157763248E-002
   20.625000000000000       0.43430261896589367       0.10421891758390729       -4.8123338689730653E-004  -5.8822438354018236E-002   8.0789097571006649E-002  -8.6860523793178726E-002  -5.7748006427676783E-004  -1.2506270110068869E-002
   21.000000000000000       0.43839214475825145        9.6165099136174645E-002  -1.1496836480724077E-003  -5.7089553341954764E-002   7.9706168329837526E-002  -8.7678428951650275E-002  -1.3796203776868892E-003  -1.1539811896340972E-002
   21.375000000000000       0.44215100397118784        8.8790634131943172E-002  -1.7408962404598775E-003  -5.5327906601001432E-002   7.8510336023246016E-002  -8.8430200794237565E-002  -2.0890754885518532E-003  -1.0654876095833175E-002
   21.750000000000000       0.44560021650483261        8.2048685048989170E-002  -2.2622261784736052E-003  -5.3561239686913890E-002   7.7232466421329513E-002  -8.9120043300966512E-002  -2.7146714141683265E-003  -9.8458422058787329E-003
   22.125000000000000       0.44876187686011193        7.5891108223115025E-002  -2.7206986915399834E-003  -5.1807977893540316E-002   7.5898020842451674E-002  -8.9752375372022367E-002  -3.2648384298479796E-003  -9.1069329867738153E-003
   22.500000000000000       0.45165820527270001        7.0270238114052669E-002  -3.1228900888038581E-003  -5.0082138777835822E-002   7.4527777123155142E-002  -9.0331641054539988E-002  -3.7474681065646294E-003  -8.4324285736863368E-003
   22.875000000000000       0.45431089443482137        6.5140085815081364E-002  -3.4748652671065497E-003  -4.8394137227298475E-002   7.3138518294035185E-002  -9.0862178886964254E-002  -4.1698383205278598E-003  -7.8168102978097547E-003
   23.250000000000000       0.45674068223121989        6.0457094983086331E-002  -3.7821550633924477E-003  -4.6751479591351168E-002   7.1743662467840821E-002  -9.1348136446243955E-002  -4.5385860760709367E-003  -7.2548513979703516E-003
   23.625000000000000       0.45896709270087377        5.6180572549332140E-002  -4.0497605202132261E-003  -4.5159350045312796E-002   7.0353821982180334E-002  -9.1793418540174740E-002  -4.8597126242558714E-003  -6.7416687059198713E-003
   24.000000000000000       0.46100829902218854        5.2272886967097539E-002  -4.2821744277975766E-003  -4.3621098165827286E-002   6.8977289141090248E-002  -9.2201659804437702E-002  -5.1386093133570917E-003  -6.2727464360517252E-003
   24.375000000000000       0.46288107264859507        4.8699505242792838E-002  -4.4834131654679851E-003  -4.2138639324439252E-002   6.7620451458664549E-002  -9.2576214529718995E-002  -5.3800957985615820E-003  -5.8439406291351447E-003
   24.750000000000000       0.46460079139922644        4.5428922185842421E-002  -4.6570539298846263E-003  -4.0712780158412842E-002   6.6288142312083201E-002  -9.2920158279845289E-002  -5.5884647158615519E-003  -5.4514706623010655E-003
   25.125000000000000       0.46618148631194362        4.2432521108739400E-002  -4.8062739931485450E-003  -3.9343480889373575E-002   6.4983934248340425E-002  -9.3236297262388704E-002  -5.7675287917782541E-003  -5.0919025330487351E-003
   25.500000000000000       0.46763591255307574        3.9684394194844569E-002  -4.9338897768441874E-003  -3.8030065181285211E-002   6.3710382490733242E-002  -9.3527182510615148E-002  -5.9206677322130247E-003  -4.7621273033813440E-003
   25.875000000000000       0.46897563388112390        3.7161142398182655E-002  -5.0423943495023736E-003  -3.6771386905947646E-002   6.2469225890121244E-002  -9.3795126776224758E-002  -6.0508732194028483E-003  -4.4593370877819274E-003
   26.250000000000000       0.47021111332160243        3.4841668520116630E-002  -5.1339925326261918E-003  -3.5565961822886211E-002   6.1261551947163484E-002  -9.4042222664320468E-002  -6.1607910391514300E-003  -4.1810002224140176E-003
   26.625000000000000       0.47135180504815782        3.2706972552555086E-002  -5.2106331975247076E-003  -3.4412070895218180E-002   6.0087931776017567E-002  -9.4270361009631556E-002  -6.2527598370296488E-003  -3.9248367063066010E-003
   27.000000000000000       0.47240624416951521        3.0739955092631853E-002  -5.2740386010869432E-003  -3.3307840809342910E-002   5.8948530096876658E-002  -9.4481248833903020E-002  -6.3288463213043329E-003  -3.6887946111158467E-003
   27.375000000000000       0.47338213234641074        2.8925232302631738E-002  -5.3257307807983408E-003  -3.2251306264141813E-002   5.7843194596519917E-002  -9.4676426469282149E-002  -6.3908769369580088E-003  -3.4710278763158187E-003
   27.750000000000000       0.47428641802907229        2.7248964263284093E-002  -5.3670551356543444E-003  -3.1240457744450147E-002   5.6771528314701343E-002  -9.4857283605814469E-002  -6.4404661627852139E-003  -3.2698757115940968E-003
   28.125000000000000       0.47512537070808902        2.5698697458370744E-002  -5.3992013805673122E-003  -3.0273277782766315E-002   5.5732948112792009E-002  -9.5025074141617788E-002  -6.4790416566807745E-003  -3.0838436950045142E-003
   28.500000000000000       0.47590464898126361        2.4263221390462077E-002  -5.4232220921003466E-003  -2.9347768126560772E-002   5.4726731761571661E-002  -9.5180929796252714E-002  -6.5078665105204160E-003  -2.9115865668554461E-003
   28.875000000000000       0.47662936250996935        2.2932438854860064E-002  -5.4400490733504140E-003  -2.8461969748815385E-002   5.3752055743150798E-002  -9.5325872501993855E-002  -6.5280588880204972E-003  -2.7518926625832094E-003
   29.250000000000000       0.47730412811052120        2.1697249112901686E-002  -5.4505077628801725E-003  -2.7613977249810823E-002   5.2808025490341949E-002  -9.5460825622104228E-002  -6.5406093154562065E-003  -2.6036698935482149E-003
   29.625000000000000       0.47793312032845298        2.0549443049381746E-002  -5.4553299018370131E-003  -2.6801948883445215E-002   5.1893699476854044E-002  -9.5586624065690587E-002  -6.5463958822044154E-003  -2.4659331659258091E-003
   30.000000000000000       0.47852011689770124        1.9481609330660232E-002  -5.4551646582558190E-003  -2.6024113188175206E-002   5.1008108314842968E-002  -9.5704023379540232E-002  -6.5461975899069828E-003  -2.3377931196792347E-003
   30.375000000000000       0.47906853950800149        1.8487050570401727E-002  -5.4505883903259800E-003  -2.5278772999652071E-002   5.0150269804539960E-002  -9.5813707901600279E-002  -6.5407060683911767E-003  -2.2184460684482039E-003
   30.750000000000000       0.47958149030334335        1.7559708537886302E-002  -5.4421132126164984E-003  -2.4564307459759779E-002   4.9319200706635334E-002  -9.5916298060668662E-002  -6.5305358551397980E-003  -2.1071650245463305E-003
   31.125000000000000       0.48006178451995835        1.6694097494755367E-002  -5.4301945118411339E-003  -2.3879172507178029E-002   4.8513925865470028E-002  -9.6012356903991652E-002  -6.5162334142093601E-003  -2.0032916993706247E-003
   31.500000000000000       0.48051197964952813        1.5885244809737149E-002  -5.4152375422706657E-003  -2.3221900231352868E-002   4.7733485194448082E-002  -9.6102395929905618E-002  -6.4982850507247988E-003  -1.9062293771684672E-003
   31.875000000000000       0.48093440148592564        1.5128638070440840E-002  -5.3976032156674890E-003  -2.2591097389625579E-002   4.6976938939833755E-002  -9.6186880297185112E-002  -6.4771238588009865E-003  -1.8154365684529097E-003
   32.250000000000000       0.48133116738440956        1.4420177982134744E-002  -5.3776131867637458E-003  -2.1985443322018350E-002   4.6243371561396497E-002  -9.6266233476881916E-002  -6.4531358241164943E-003  -1.7304213578561564E-003
   32.625000000000000       0.48170420703252936        1.3756136412573694E-002  -5.3555543228534517E-003  -2.1403687446398742E-002   4.5531894505026545E-002  -9.6340841406505853E-002  -6.4266651874241420E-003  -1.6507363695088244E-003
   33.000000000000000       0.48205528100315570        1.3133119007609962E-002  -5.3316826349789270E-003  -2.0844646475714206E-002   4.4841648090835268E-002  -9.6411056200631132E-002  -6.3980191619747119E-003  -1.5759742809132009E-003
   33.375000000000000       0.48238599733272614        1.2548031863486001E-002  -5.3062267383803645E-003  -2.0307201466516361E-002   4.4171802698214385E-002  -9.6477199466545205E-002  -6.3674720860564379E-003  -1.5057638236183044E-003
   33.750000000000000       0.48269782634234731        1.1998051797888628E-002  -5.2793909012413091E-003  -1.9790294782337157E-002   4.3521559395088595E-002  -9.6539565268469449E-002  -6.3352690814895704E-003  -1.4397662157466318E-003
   34.125000000000000       0.48299211389601793        1.1480599812916751E-002  -5.2513577331913773E-003  -1.9292927035239799E-002   4.2890150130708717E-002  -9.6598422779203580E-002  -6.3016292798296529E-003  -1.3776719775500043E-003
   34.500000000000000       0.48327009326896508        1.0993317389154648E-002  -5.2222905584087603E-003  -1.8814154052939139E-002   4.2276837588623419E-002  -9.6654018653793014E-002  -6.2667486700905125E-003  -1.3191980866985389E-003
   34.875000000000000       0.48353289577987046        1.0534045291334370E-002  -5.1923355123923423E-003  -1.8353083906379148E-002   4.1680914777968717E-002  -9.6706579155974082E-002  -6.2308026148708102E-003  -1.2640854349601324E-003
   35.250000000000000       0.48378156032350794        1.0100804602899135E-002  -5.1616233964462228E-003  -1.7908874022867723E-002   4.1101704426150069E-002  -9.6756312064701588E-002  -6.1939480757354668E-003  -1.2120965523478939E-003
   35.625000000000000       0.48401704192488976        9.6917797395183573E-003  -5.1302713195471436E-003  -1.7480728402238969E-002   4.0538558223723896E-002  -9.6803408384977932E-002  -6.1563255834565719E-003  -1.1630135687421841E-003
   36.000000000000000       0.48424021942226514        9.3053032206471386E-003  -5.0983841534650472E-003  -1.7067894947591779E-002   3.9990855962292932E-002  -9.6848043884453019E-002  -6.1180609841580570E-003  -1.1166363864776603E-003
   36.375000000000000       0.48445190237410318        8.9398420038982202E-003  -5.0660558237058022E-003  -1.6669662917587810E-002   3.9458004598097202E-002  -9.6890380474820625E-002  -6.0792669884469621E-003  -1.0727810404678030E-003
   36.750000000000000       0.48465283727435465        8.5939852096835675E-003  -5.0333704559775106E-003  -1.6285360503797138E-002   3.8939437267363271E-002  -9.6930567454870928E-002  -6.0400445471730131E-003  -1.0312782251620039E-003
   37.125000000000000       0.48484371315069053        8.2664330836029979E-003  -5.0004033953912584E-003  -1.5914352533930188E-002   3.8434612274089286E-002  -9.6968742630138091E-002  -6.0004840744695099E-003  -9.9197197003237703E-004
   37.500000000000000       0.48502516661192202        7.9559870617103602E-003  -4.9672221134430808E-003  -1.5556038299812188E-002   3.7943012066567326E-002  -9.7005033322384401E-002  -5.9606665361316971E-003  -9.5471844740524481E-004
   37.875000000000000       0.48519778640331496        7.6615408193211705E-003  -4.9338870159434571E-003  -1.5209849507498124E-002   3.7464142215392876E-002  -9.7039557280662977E-002  -5.9206644191321491E-003  -9.1938489831852751E-004
   38.250000000000000       0.48536211752186431        7.3820721977506144E-003  -4.9004521634252295E-003  -1.4875248345877150E-002   3.6997530402826988E-002  -9.7072423504372854E-002  -5.8805425961102756E-003  -8.8584866373006370E-004
   38.625000000000000       0.48551866493775336        7.1166359154183571E-003  -4.8669659141382330E-003  -1.4551725669388421E-002   3.6542725431046169E-002  -9.7103732987550678E-002  -5.8403590969658796E-003  -8.5399630985020494E-004
   39.000000000000000       0.48566789696304091        6.8643569803980382E-003  -4.8334714985001394E-003  -1.4238799289990932E-002   3.6099296254929067E-002  -9.7133579392608180E-002  -5.8001657982001669E-003  -8.2372283764777941E-004
   39.375000000000000       0.48581024830405423        6.6244247308556194E-003  -4.8000075327939411E-003  -1.3936012373243113E-002   3.5666831043510455E-002  -9.7162049660810823E-002  -5.7600090393527294E-003  -7.9493096770269218E-004
   39.750000000000000       0.48594612282992788        6.3960874380790383E-003  -4.7666084789614047E-003  -1.3642931933208152E-002   3.5244936273012957E-002  -9.7189224565985569E-002  -5.7199301747536862E-003  -7.6753049256949668E-004
   40.125000000000000       0.48607589608616153        6.1786474140850551E-003  -4.7333050565205861E-003  -1.3359147420872497E-002   3.4833235853390675E-002  -9.7215179217232300E-002  -5.6799660678247032E-003  -7.4143768969018632E-004
   40.500000000000000       0.48619991757891295        5.9714565722142144E-003  -4.7001246119182070E-003  -1.3084269400820164E-002   3.4431370289542039E-002  -9.7239983515782571E-002  -5.6401495343018481E-003  -7.1657478866570294E-004
   40.875000000000000       0.48631851285295397        5.7739123948036932E-003  -4.6670914500004891E-003  -1.2817928311021491E-002   3.4038995877733472E-002  -9.7263702570590777E-002  -5.6005097400005869E-003  -6.9286948737643222E-004
   41.250000000000000       0.48643198538374677        5.5854542670305428E-003  -4.6342271317372057E-003  -1.2559773300755906E-002   3.3655783937294181E-002  -9.7286397076749354E-002  -5.5610725580846464E-003  -6.7025451204366334E-004
   41.625000000000000       0.48654061830190620        5.4055601404649897E-003  -4.6015507418529153E-003  -1.2309471141878003E-002   3.3281420077264839E-002  -9.7308123660381232E-002  -5.5218608902234982E-003  -6.4866721685577424E-004
   42.000000000000000       0.48664467596637878        5.2337434937793558E-003  -4.5690791295978535E-003  -1.2066705208847773E-002   3.2915603497397104E-002  -9.7328935193275734E-002  -5.4828949555174242E-003  -6.2804921925354771E-004
   42.375000000000000       0.48674440540094305        5.0695505615482974E-003  -4.5368271255208309E-003  -1.1831174523167192E-002   3.2558046322681340E-002  -9.7348881080188604E-002  -5.4441925506249975E-003  -6.0834606738580262E-004
   42.750000000000000       0.48684003760711736        4.9125578051316303E-003  -4.5048077367815511E-003  -1.1602592858094195E-002   3.2208472970422106E-002  -9.7368007521423452E-002  -5.4057692841378612E-003  -5.8950693661578911E-004
   43.125000000000000       0.48693178876519144        4.7623696023874288E-003  -4.4730323232536912E-003  -1.1380687899732582E-002   3.1866619548764137E-002  -9.7386357753038277E-002  -5.3676387879044293E-003  -5.7148435228649721E-004
   43.500000000000000       0.48701986133390435        4.6186161353646655E-003  -4.4415107564185589E-003  -1.1165200460823034E-002   3.1532233285496328E-002  -9.7403972266780853E-002  -5.3298129077022707E-003  -5.5423393624376633E-004
   43.875000000000000       0.48710444505820988        4.4809514572883881E-003  -4.4102515628271924E-003  -1.0955883743780726E-002   3.1205071985912904E-002  -9.7420889011641976E-002  -5.2923018753926309E-003  -5.3771417487460255E-004
   44.250000000000000       0.48718571789361681        4.3490517220653368E-003  -4.3792620537131685E-003  -1.0752502649738127E-002   3.0884903518486162E-002  -9.7437143578723351E-002  -5.2551144644558019E-003  -5.2188620664784797E-004
   44.625000000000000       0.48726384685473795        4.2226135612417909E-003  -4.3485484421655783E-003  -1.0554833130556733E-002   3.0571505327100047E-002  -9.7452769370947573E-002  -5.2182581305986941E-003  -5.0671362734901388E-004
   45.000000000000000       0.48733898879492410        4.1013525948604560E-003  -4.3181159491189475E-003  -1.0362661580966956E-002   3.0264663968602189E-002  -9.7467797758984800E-002  -5.1817391389427370E-003  -4.9216231138324697E-004
   45.375000000000000       0.48741129112317516        3.9850020640257522E-003  -4.2879688992816713E-003  -1.0175784268181109E-002   2.9964174674451484E-002  -9.7482258224635021E-002  -5.1455626791380056E-003  -4.7820024768308045E-004
   45.750000000000000       0.48748089246391929        3.8733115741878062E-003  -4.2581108080049406E-003  -9.9940067965004729E-003   2.9669840935266832E-002  -9.7496178492783858E-002  -5.1097329696059290E-003  -4.6479738890254865E-004
   46.125000000000000       0.48754792326470170        3.7660459392412802E-003  -4.2285444599879938E-003  -9.8171436046030590E-003   2.9381474107116692E-002  -9.7509584652940337E-002  -5.0742533519855925E-003  -4.5192551270896789E-004
   46.500000000000000       0.48761250635634551        3.6629841174960747E-003  -4.1992719806213828E-003  -9.6450174933548922E-003   2.9098893038428351E-002  -9.7522501271269088E-002  -5.0391263767456587E-003  -4.3955809409954098E-004
   46.875000000000000       0.48767475746970457        3.5639182314470088E-003  -4.1702949006863603E-003  -9.4774591821338121E-003   2.8821923716437294E-002  -9.7534951493940911E-002  -5.0043538808236324E-003  -4.2767018777362440E-004
   47.250000000000000       0.48773478571274359        3.4686526640376933E-003  -4.1416142150540796E-003  -9.3143068917921207E-003   2.8550398932141539E-002  -9.7546957142548713E-002  -4.9699370580648956E-003  -4.1623831968452140E-004
   47.625000000000000       0.48779269401132308        3.3770032248154965E-003  -4.1132304359621950E-003  -9.1554059525124198E-003   2.8284157962770146E-002  -9.7558538802264602E-002  -4.9358765231546338E-003  -4.0524038697788866E-004
   48.000000000000000       0.48784857951675953        3.2887963799886305E-003  -4.0851436413875172E-003  -9.0006084349309543E-003   2.8023046270821170E-002  -9.7569715903351908E-002  -4.9021723696650206E-003  -3.9465556559863514E-004
   48.375000000000000       0.48790253398294248        3.2038685409615962E-003  -4.0573535189808059E-003  -8.8497728030143448E-003   2.7766915218768919E-002  -9.7580506796588487E-002  -4.8688242227769669E-003  -3.8446422491540921E-004
   48.750000000000000       0.48795464411553269        3.1220654064334865E-003  -4.0298594059829437E-003  -8.7027635872795588E-003   2.7515621798584484E-002  -9.7590928823106507E-002  -4.8358312871795324E-003  -3.7464784877201641E-004
   49.125000000000000       0.48800499189554530        3.0432413535802063E-003  -4.0026603254998310E-003  -8.5594510770443302E-003   2.7269028375258218E-002  -9.7600998379109044E-002  -4.8031923905997968E-003  -3.6518896242962153E-004
   49.500000000000000       0.48805365487940355        2.9672588742693331E-003  -3.9757550194759531E-003  -8.4197110304849269E-003   2.7027002443553511E-002  -9.7610730975880702E-002  -4.7709060233711437E-003  -3.5607106491231198E-004
   49.875000000000000       0.48810070647736875        2.8939880526073361E-003  -3.9491419786730599E-003  -8.2834244013625033E-003   2.6789416397263330E-002  -9.7620141295473736E-002  -4.7389703744076719E-003  -3.4727856631286104E-004
   50.250000000000000       0.48814621621208187        2.8233060804600195E-003  -3.9228194699304402E-003  -8.1504770813571100E-003   2.6556147310279585E-002  -9.7629243242416369E-002  -4.7073833639165279E-003  -3.3879672965521921E-004
   50.625000000000000       0.48819024995879651        2.7550968078849194E-003  -3.8967855609563598E-003  -8.0207596570208740E-003   2.6327076728823104E-002  -9.7638049991759304E-002  -4.6761426731476317E-003  -3.3061161694620823E-004
   51.000000000000000       0.48823287016875028        2.6892503256778686E-003  -3.8710381428762384E-003  -7.8941671804295521E-003   2.6102090474218739E-002  -9.7646574033750044E-002  -4.6452457714514861E-003  -3.2271003908136339E-004
   51.375000000000000       0.48827413607699083        2.6256625774931080E-003  -3.8455749507413707E-003  -7.7705989526738921E-003   2.5881078455633390E-002  -9.7654827215398157E-002  -4.6146899408896448E-003  -3.1507950929918270E-004
   51.750000000000000       0.48831410389586410        2.5642349992053798E-003  -3.8203935821826914E-003  -7.6499583193907084E-003   2.5663934492228445E-002  -9.7662820779172807E-002  -4.5844722986192301E-003  -3.0770819990464678E-004
   52.125000000000000       0.48835282699526694        2.5048741833908965E-003  -3.7954915143765520E-003  -7.5321524775874863E-003   2.5450556144208721E-002  -9.7670565399053375E-002  -4.5545898172518629E-003  -3.0058490200692250E-004
   52.500000000000000       0.48839035607067294        2.4474915669830807E-003  -3.7708661194737676E-003  -7.4170922930644834E-003   2.5240844552279363E-002  -9.7678071214134576E-002  -4.5250393433685209E-003  -2.9369898803798227E-004
   52.875000000000000       0.48842673929985975        2.3920031403219483E-003  -3.7465146786290690E-003  -7.3046921277851356E-003   2.5034704285050662E-002  -9.7685347859971933E-002  -4.4958176143548830E-003  -2.8704037683865546E-004
   53.250000000000000       0.48846202248918141        2.3383291759718093E-003  -3.7224343947553189E-003  -7.1948696765886085E-003   2.4832043193956210E-002  -9.7692404497836283E-002  -4.4669212737063826E-003  -2.8059950111661535E-004
   53.625000000000000       0.48849624921016860        2.2863939758094717E-003  -3.6986224041153648E-003  -7.0875458126788971E-003   2.4632772275275727E-002  -9.7699249842033722E-002  -4.4383468849384378E-003  -2.7436727709712522E-004
   54.000000000000000       0.48852946092716726        2.2361256350185194E-003  -3.6750757868540362E-003  -6.9826444413620603E-003   2.4436805538876578E-002  -9.7705892185433435E-002  -4.4100909442248435E-003  -2.6833507620222343E-004
   54.375000000000000       0.48856169711667369        2.1874558217294376E-003  -3.6517915765634096E-003  -6.8800923615380980E-003   2.4244059883310846E-002  -9.7712339423334724E-002  -4.3821498918760913E-003  -2.6249469860753011E-004
   54.750000000000000       0.48859299537897088        2.1403195711515834E-003  -3.6287667689660088E-003  -6.7798191344862844E-003   2.4054454976925422E-002  -9.7718599075794194E-002  -4.3545201227592105E-003  -2.5683834853818660E-004
   55.125000000000000       0.48862339154261897        2.0946550931385572E-003  -3.6059983297929868E-003  -6.6817569595127909E-003   2.3867913144662311E-002  -9.7724678308523771E-002  -4.3271979957515841E-003  -2.5135861117663266E-004
   55.500000000000000       0.48865291976231079        2.0504035922097375E-003  -3.5834832019273374E-003  -6.5858405560574344E-003   2.3684359260245029E-002  -9.7730583952462147E-002  -4.3001798423128049E-003  -2.4604843106516264E-004
   55.875000000000000       0.48868161261056703        2.0075090991295750E-003  -3.5612183118759917E-003  -6.4920070518824482E-003   2.3503720643464430E-002  -9.7736322522113395E-002  -4.2734619742511902E-003  -2.4090109189556645E-004
   56.250000000000000       0.48870950116369927        1.9659183132218188E-003  -3.5392005756289340E-003  -6.4001958769902539E-003   2.3325926962293537E-002  -9.7741900232739834E-002  -4.2470406907547205E-003  -2.3591019758662865E-004
   56.625000000000000       0.48873661508244720        1.9255804546510990E-003  -3.5174269039583476E-003  -6.3103486629399732E-003   2.3150910139577006E-002  -9.7747323016489418E-002  -4.2209122847500172E-003  -2.3106965455812575E-004
   57.000000000000000       0.48876298268765495        1.8864471259751436E-003  -3.4958942072060828E-003  -6.2224091472531202E-003   2.2978604264054563E-002  -9.7752596537530975E-002  -4.1950730486472994E-003  -2.2637365511702715E-004
   57.375000000000000       0.48878863103132963        1.8484721823178471E-003  -3.4745993996035830E-003  -6.1363230826187096E-003   2.2808945505492149E-002  -9.7757726206265910E-002  -4.1695192795242995E-003  -2.2181666187816277E-004
   57.750000000000000       0.48881358596339824        1.8116116095632019E-003  -3.4535394031644639E-003  -6.0520381506261262E-003   2.2641872033707228E-002  -9.7762717192679635E-002  -4.1442472837973565E-003  -2.1739339314759342E-004
   58.125000000000000       0.48883787219445346        1.7758234100198427E-003  -3.4327111511865192E-003  -5.9695038797710452E-003   2.2477323941286570E-002  -9.7767574438890684E-002  -4.1192533814238229E-003  -2.1309880920237991E-004
   58.500000000000000       0.48886151335475725        1.7410674950458374E-003  -3.4121115913966923E-003  -5.8886715674955643E-003   2.2315243169806397E-002  -9.7772302670951453E-002  -4.0945339096760307E-003  -2.0892809940548145E-004
   58.875000000000000       0.48888453204975540        1.7073055841591394E-003  -3.3917376887697037E-003  -5.8094942060384893E-003   2.2155573439375645E-002  -9.7776906409951084E-002  -4.0700852265236447E-003  -2.0487667009910798E-004
   59.250000000000000       0.48890694991232919        1.6745011102008952E-003  -3.3715864280483478E-003  -5.7319264118853774E-003   2.1998260181332687E-002  -9.7781389982465813E-002  -4.0459037136580172E-003  -2.0094013322409436E-004
   59.625000000000000       0.48892878765200504        1.6426191301396442E-003  -3.3516548159911231E-003  -5.6559243586209946E-003   2.1843250473936149E-002  -9.7785757530400988E-002  -4.0219857791893481E-003  -1.9711429561675639E-004
   60.000000000000000       0.48895006510131461        1.6116262411516868E-003  -3.3319398833706187E-003  -5.5814457129985387E-003   2.1690492980898157E-002  -9.7790013020262925E-002  -3.9983278600447423E-003  -1.9339514893821293E-004
   60.375000000000000       0.48897080125949521        1.5814905016211338E-003  -3.3124386867441576E-003  -5.5084495740514994E-003   2.1539937892618065E-002  -9.7794160251899034E-002  -3.9749264240929892E-003  -1.8977886019453093E-004
   60.750000000000000       0.48899101433369813        1.5521813567417923E-003  -3.2931483100163100E-003  -5.4368964150843056E-003   2.1391536869981659E-002  -9.7798202866739625E-002  -3.9517779720195717E-003  -1.8626176280898632E-004
   61.125000000000000       0.48901072177786636        1.5236695684213116E-003  -3.2740658658112903E-003  -5.3667480283876934E-003   2.1245242990598497E-002  -9.7802144355573259E-002  -3.9288790389735481E-003  -1.8284034821058166E-004
   61.500000000000000       0.48902994032942737        1.4959271492123837E-003  -3.2551884966716964E-003  -5.2979674725339310E-003   2.1101010697357047E-002  -9.7805988065885474E-002  -3.9062261960060357E-003  -1.7951125790549195E-004
   61.875000000000000       0.48904868604394269        1.4689273000043561E-003  -3.2365133760987063E-003  -5.2305190221156681E-003   2.0958795749184307E-002  -9.7809737208788508E-002  -3.8838160513184478E-003  -1.7627127600050867E-004
   62.250000000000000       0.48906697432783625        1.4426443512474314E-003  -3.2180377094475575E-003  -5.1643681197999121E-003   2.0818555173901632E-002  -9.7813394865567241E-002  -3.8616452513370687E-003  -1.7311732214970817E-004
   62.625000000000000       0.48908481996932546        1.4170537074799908E-003  -3.1997587346909648E-003  -5.0994813305764051E-003   2.0680247223075415E-002  -9.7816963993865080E-002  -3.8397104816291576E-003  -1.7004644489758899E-004
   63.000000000000000       0.48910223716766527        1.3921317949484333E-003  -3.1816737230621599E-003  -5.0358262980865981E-003   2.0543831328766530E-002  -9.7820447433533034E-002  -3.8180084676745921E-003  -1.6705581539381965E-004
   63.375000000000000       0.48911923956080494        1.3678560121368588E-003  -3.1637799795881470E-003  -4.9733717029258259E-003   2.0409268062086809E-002  -9.7823847912160977E-002  -3.7965359755057762E-003  -1.6414272145640727E-004
   63.750000000000000       0.48913584025155998        1.3442046830146085E-003  -3.1460748435229910E-003  -4.9120872228177260E-003   2.0276519093476952E-002  -9.7827168050311983E-002  -3.7752898122275888E-003  -1.6130456196172750E-004
   64.125000000000000       0.48915205183238303        1.3211570128442800E-003  -3.1285556886900875E-003  -4.8519434945654347E-003   2.0145547154623661E-002  -9.7830410366476606E-002  -3.7542668264281052E-003  -1.5853884154130995E-004
   64.500000000000000       0.48916788640882181        1.2986930463885771E-003  -3.1112199237416580E-003  -4.7929120776896818E-003   2.0016316001938889E-002  -9.7833577281764353E-002  -3.7334639084899896E-003  -1.5584316556664321E-004
   64.875000000000000       0.48918335562174065        1.2767936283710054E-003  -3.0940649923429913E-003  -4.7349654196688924E-003   1.9888790381527899E-002  -9.7836671124348115E-002  -3.7128779908115893E-003  -1.5321523540451950E-004
   65.250000000000000       0.48919847066837979        1.2554403660550309E-003  -3.0770883732883815E-003  -4.6780768227012029E-003   1.9762935995576582E-002  -9.7839694133675950E-002  -3.6925060479460576E-003  -1.5065284392661856E-004
   65.625000000000000       0.48921324232231889        1.2346155938174526E-003  -3.0602875805551023E-003  -4.6222204119126644E-003   1.9638719470092065E-002  -9.7842648464463763E-002  -3.6723450966661226E-003  -1.4815387125808769E-004
   66.000000000000000       0.48922768095241120        1.2143023395910853E-003  -3.0436601633012576E-003  -4.5673711049402871E-003   1.9516108323934491E-002  -9.7845536190482238E-002  -3.6523921959615087E-003  -1.4571628075092758E-004
   66.375000000000000       0.48924179654074623        1.1944842930739681E-003  -3.0272037058128483E-003  -4.5135045828222971E-003   1.9395070939080345E-002  -9.7848359308149238E-002  -3.6326444469754176E-003  -1.4333811516887180E-004
   66.750000000000000       0.48925559869969765        1.1751457755947436E-003  -3.0109158274049808E-003  -4.4605972621318277E-003   1.9275576532061415E-002  -9.7851119739939540E-002  -3.6130989928859769E-003  -1.4101749307135616E-004
   67.125000000000000       0.48926909668810947        1.1562717115410385E-003  -2.9947941822817182E-003  -4.4086262682937116E-003   1.9157595126525980E-002  -9.7853819337621883E-002  -3.5937530187380618E-003  -1.3875260538494998E-004
   67.500000000000000       0.48928229942666690        1.1378476012616546E-003  -2.9788364593586959E-003  -4.3575694100272209E-003   1.9041097526871435E-002  -9.7856459885333383E-002  -3.5746037512304355E-003  -1.3654171215139564E-004
   67.875000000000000       0.48929521551250293        1.1198594953505763E-003  -2.9630403820523287E-003  -4.3074051548608484E-003   1.8926055292900697E-002  -9.7859043102500570E-002  -3.5556484584627940E-003  -1.3438313944206851E-004
   68.250000000000000       0.48930785323307724        1.1022939702444278E-003  -2.9474037080390487E-003  -4.2581126056679009E-003   1.8812440715456173E-002  -9.7861570646615437E-002  -3.5368844496468585E-003  -1.3227527642934028E-004
   68.625000000000000       0.48932022057937324        1.0851381050494011E-003  -2.9319242289878016E-003  -4.2096714781745884E-003   1.8700226792988401E-002  -9.7864044115874640E-002  -3.5183090747853618E-003  -1.3021657260592053E-004
   69.000000000000000       0.48933232525844894        1.0683794595315933E-003  -2.9165997702687075E-003  -4.1620620793947558E-003   1.8589387209017975E-002  -9.7866465051689791E-002  -3.4999197243224490E-003  -1.2820553514380511E-004
   69.375000000000000       0.48934417470537589        1.0520060532085613E-003  -2.9014281906405855E-003  -4.1152652869477883E-003   1.8479896310451382E-002  -9.7868834941075164E-002  -3.4817138287687025E-003  -1.2624072638499570E-004
   69.750000000000000       0.48935577609460373        1.0360063454718941E-003  -2.8864073819197950E-003  -4.0692625292186495E-003   1.8371729086714014E-002  -9.7871155218920730E-002  -3.4636888583037539E-003  -1.2432076145662988E-004
   70.125000000000000       0.48936713635077594        1.0203692166969056E-003  -2.8715352686326475E-003  -4.0240357663208805E-003   1.8264861149664156E-002  -9.7873427270155189E-002  -3.4458423223591773E-003  -1.2244430600362298E-004
   70.500000000000000       0.48937826215903257        1.0050839502693107E-003  -2.8568098076534689E-003  -3.9795674718257606E-003   1.8159268714255147E-002  -9.7875652431806501E-002  -3.4281717691841628E-003  -1.2061007403233340E-004
   70.875000000000000       0.48938915997482185        9.9014021549300715E-004  -2.8422289878301771E-003  -3.9358406152223899E-003   1.8054928579912841E-002  -9.7877831994964359E-002  -3.4106747853962123E-003  -1.1881682585917735E-004
   71.250000000000000       0.48939983603325182        9.7552805132035869E-004  -2.8277908295991374E-003  -3.8928386450755091E-003   1.7951818112598432E-002  -9.7879967206650348E-002  -3.3933489955189650E-003  -1.1706336615846091E-004
   71.625000000000000       0.48941029635800215        9.6123785086741167E-004  -2.8134933845908685E-003  -3.8505454728493911E-003   1.7849915227527182E-002  -9.7882059271600416E-002  -3.3761920615090423E-003  -1.1534854210407058E-004
   72.000000000000000       0.48942054676982305        9.4726034666630103E-004  -2.7993347352280283E-003  -3.8089454573678829E-003   1.7749198372515696E-002  -9.7884109353964605E-002  -3.3592016822736343E-003  -1.1367124159996278E-004
   72.375000000000000       0.48943059289463936        9.3358659662210646E-004  -2.7853129943170366E-003  -3.7680233898820417E-003   1.7649646511931068E-002  -9.7886118578927858E-002  -3.3423755931804439E-003  -1.1203039159469199E-004
   72.750000000000000       0.48944044017128302        9.2020797062951820E-004  -2.7714263046345125E-003  -3.7277644797183555E-003   1.7551239111217042E-002  -9.7888088034256610E-002  -3.3257115655614153E-003  -1.1042495647553262E-004
   73.125000000000000       0.48945009385887422        9.0711613781625138E-004  -2.7576728385096667E-003  -3.6881543404818765E-003   1.7453956121973306E-002  -9.7890018771774834E-002  -3.3092074062116002E-003  -1.0885393653795410E-004
   73.500000000000000       0.48945955904386323        8.9430305438743904E-004  -2.7440507974035937E-003  -3.6491789767897037E-003   1.7357777967564596E-002  -9.7891911808772644E-002  -3.2928609568843126E-003  -1.0731636652650975E-004
   73.875000000000000       0.48946884064675805        8.8176095202823033E-004  -2.7305584114864587E-003  -3.6108247715117359E-003   1.7262685529238545E-002  -9.7893768129351619E-002  -3.2766700937837505E-003  -1.0581131424339694E-004
   74.250000000000000       0.48947794342854950        8.6948232684291122E-004  -2.7171939392133340E-003  -3.5730784734965206E-003   1.7168660132731103E-002  -9.7895588685709897E-002  -3.2606327270560008E-003  -1.0433787922118028E-004
   74.625000000000000       0.48948687199684815        8.5745992880280808E-004  -2.7039556668995036E-003  -3.5359271857611798E-003   1.7075683535339701E-002  -9.7897374399369630E-002  -3.2447468002794041E-003  -1.0289519145634735E-004
   75.000000000000000       0.48949563081175201        8.4568675167161309E-004  -2.6908419082958819E-003  -3.4993583541254730E-003   1.6983737913445617E-002  -9.7899126162350400E-002  -3.2290102899550583E-003  -1.0148241020059542E-004
