  -75.000000000000000       0.48949563081292363        8.4568674928307917E-004   2.6908419083043231E-003  -3.4993583541505055E-003  -1.6983737913569136E-002  -9.7899126162609484E-002   3.2290102899632249E-003  -1.0148241020346522E-004
  -74.625000000000000       0.48948687199804231        8.5745992636916950E-004   2.7039556669082102E-003  -3.5359271857867492E-003  -1.7075683535466461E-002  -9.7897374399633391E-002   3.2447468002878548E-003  -1.0289519145906910E-004
  -74.250000000000000       0.48947794342976525        8.6948232436371935E-004   2.7171939392223077E-003  -3.5730784735231546E-003  -1.7168660132860839E-002  -9.7895588685978849E-002   3.2606327270646666E-003  -1.0433787922401151E-004
  -73.875000000000000       0.48946884064799773        8.8176094950152524E-004   2.7305584114955760E-003  -3.6108247715389034E-003  -1.7262685529371369E-002  -9.7893768129624872E-002   3.2766700937925811E-003  -1.0581131424644372E-004
  -73.500000000000000       0.48945955904512645        8.9430305181216051E-004   2.7440507974129096E-003  -3.6491789768176536E-003  -1.7357777967700692E-002  -9.7891911809051421E-002   3.2928609568932811E-003  -1.0731636652977117E-004
  -73.125000000000000       0.48945009386016131        9.0711613519171635E-004   2.7576728385192480E-003  -3.6881543405107718E-003  -1.7453956122113021E-002  -9.7890018772059786E-002   3.3092074062208120E-003  -1.0885393654115131E-004
  -72.750000000000000       0.48944044017259558        9.2020796795443040E-004   2.7714263046443623E-003  -3.7277644797479971E-003  -1.7551239111359897E-002  -9.7888088034546239E-002   3.3257115655708791E-003  -1.1042495647889997E-004
  -72.375000000000000       0.48943059289597635        9.3358659389588519E-004   2.7853129943269852E-003  -3.7680233899129397E-003  -1.7649646512077836E-002  -9.7886118579223538E-002   3.3423755931900356E-003  -1.1203039159809839E-004
  -72.000000000000000       0.48942054677118607        9.4726034388662231E-004   2.7993347352383078E-003  -3.8089454573993734E-003  -1.7749198372665809E-002  -9.7884109354265697E-002   3.3592016822833041E-003  -1.1367124160351518E-004
  -71.625000000000000       0.48941029635939232        9.6123784803296111E-004   2.8134933846014794E-003  -3.8505454728819696E-003  -1.7849915227681385E-002  -9.7882059271907323E-002   3.3761920615189419E-003  -1.1534854210792902E-004
  -71.250000000000000       0.48939983603466830        9.7552804843055398E-004   2.8277908296098506E-003  -3.8928386451089472E-003  -1.7951818112756632E-002  -9.7879967206963500E-002   3.3933489955291795E-003  -1.1706336616227277E-004
  -70.875000000000000       0.48938915997626625        9.9014021254685558E-004   2.8422289878411678E-003  -3.9358406152567894E-003  -1.8054928580074691E-002  -9.7877831995283077E-002   3.4106747854067182E-003  -1.1881682586309167E-004
  -70.500000000000000       0.48937826216050556        1.0050839472648837E-003   2.8568098076647971E-003  -3.9795674718614829E-003  -1.8159268714421563E-002  -9.7875652432131699E-002   3.4281717691950543E-003  -1.2061007403618313E-004
  -70.125000000000000       0.48936713635227869        1.0203692136325729E-003   2.8715352686442507E-003  -4.0240357663577555E-003  -1.8264861149834735E-002  -9.7873427270487104E-002   3.4458423223703641E-003  -1.2244430600768283E-004
  -69.750000000000000       0.48935577609613640        1.0360063423469710E-003   2.8864073819317051E-003  -4.0692625292565497E-003  -1.8371729086888920E-002  -9.7871155219259556E-002   3.4636888583152456E-003  -1.2432076146095245E-004
  -69.375000000000000       0.48934417470693892        1.0520060500204716E-003   2.9014281906528821E-003  -4.1152652869870165E-003  -1.8479896310630864E-002  -9.7868834941420763E-002   3.4817138287804193E-003  -1.2624072638947614E-004
  -69.000000000000000       0.48933232526004300        1.0683794562800443E-003   2.9165997702812604E-003  -4.1620620794352615E-003  -1.8589387209202175E-002  -9.7866465052042634E-002   3.4999197243343327E-003  -1.2820553514856592E-004
  -68.625000000000000       0.48932022058099978        1.0851381017319532E-003   2.9319242290005649E-003  -4.2096714782163458E-003  -1.8700226793177389E-002  -9.7864044116234394E-002   3.5183090747977078E-003  -1.3021657261070842E-004
  -68.250000000000000       0.48930785323473619        1.1022939668602942E-003   2.9474037080521793E-003  -4.2581126057108856E-003  -1.8812440715650251E-002  -9.7861570646982296E-002   3.5368844496593095E-003  -1.3227527643429747E-004
  -67.875000000000000       0.48929521551419536        1.1198594918967349E-003   2.9630403820657650E-003  -4.3074051549052495E-003  -1.8926055293099778E-002  -9.7859043102874479E-002   3.5556484584756110E-003  -1.3438313944711186E-004
  -67.500000000000000       0.48928229942839491        1.1378475977377456E-003   2.9788364593725182E-003  -4.3575694100730844E-003  -1.9041097527075931E-002  -9.7856459885715480E-002   3.5746037512436857E-003  -1.3654171215663838E-004
  -67.125000000000000       0.48926909668987206        1.1562717079451638E-003   2.9947941822957842E-003  -4.4086262683409828E-003  -1.9157595126735885E-002  -9.7853819338011724E-002   3.5937530187514963E-003  -1.3875260539045309E-004
  -66.750000000000000       0.48925559870149693        1.1751457719250042E-003   3.0109158274195511E-003  -4.4605972621807747E-003  -1.9275576532276961E-002  -9.7851119740337500E-002   3.6130989928998629E-003  -1.4101749307694354E-004
  -66.375000000000000       0.48924179654258343        1.1944842893276823E-003   3.0272037058276771E-003  -4.5135045828728756E-003  -1.9395070939301796E-002  -9.7848359308555691E-002   3.6326444469898327E-003  -1.4333811517466800E-004
  -66.000000000000000       0.48922768095428582        1.2143023357671855E-003   3.0436601633165761E-003  -4.5673711049923999E-003  -1.9516108324161906E-002  -9.7845536190896934E-002   3.6523921959761268E-003  -1.4571628075695363E-004
  -65.625000000000000       0.48921324232423258        1.2346155899139032E-003   3.0602875805706784E-003  -4.6222204119665839E-003  -1.9638719470325649E-002  -9.7842648464886398E-002   3.6723450966807975E-003  -1.4815387126444892E-004
  -65.250000000000000       0.48919847067033306        1.2554403620702054E-003   3.0770883733044025E-003  -4.6780768227568563E-003  -1.9762935995816553E-002  -9.7839694134107813E-002   3.6925060479614320E-003  -1.5065284393288823E-004
  -64.875000000000000       0.48918335562373533        1.2767936243019838E-003   3.0940649923594512E-003  -4.7349654197267081E-003  -1.9888790381774681E-002  -9.7836671124789054E-002   3.7128779908274941E-003  -1.5321523541098433E-004
  -64.500000000000000       0.48916788641085807        1.2986930422336197E-003   3.1112199237584440E-003  -4.7929120777491984E-003  -2.0016316002192388E-002  -9.7833577282215492E-002   3.7334639085060688E-003  -1.5584316557346663E-004
  -64.125000000000000       0.48915205183446259        1.3211570086009653E-003   3.1285556887075128E-003  -4.8519434946270451E-003  -2.0145547154884286E-002  -9.7830410366936488E-002   3.7542668264447360E-003  -1.5853884154831891E-004
  -63.750000000000000       0.48913584025368395        1.3442046786814326E-003   3.1460748435407629E-003  -4.9120872228814120E-003  -2.0276519093744859E-002  -9.7827168050781579E-002   3.7752898122445661E-003  -1.6130456196910943E-004
  -63.375000000000000       0.48911923956297515        1.3678560077102352E-003   3.1637799796064574E-003  -4.9733717029917619E-003  -2.0409268062362405E-002  -9.7823847912640927E-002   3.7965359755230978E-003  -1.6414272146407182E-004
  -63.000000000000000       0.48910223716988088        1.3921317904274652E-003   3.1816737230808650E-003  -5.0358262981546548E-003  -2.0543831329049623E-002  -9.7820447434022267E-002   3.8180084676925053E-003  -1.6705581540168798E-004
  -62.625000000000000       0.48908481997158904        1.4170537028617520E-003   3.1997587347101495E-003  -5.0994813306468939E-003  -2.0680247223366623E-002  -9.7816963994366277E-002   3.8397104816476411E-003  -1.7004644490561832E-004
  -62.250000000000000       0.48906697433014851        1.4426443465290534E-003   3.2180377094672931E-003  -5.1643681198727366E-003  -2.0818555174201257E-002  -9.7813394866079303E-002   3.8616452513560006E-003  -1.7311732215824231E-004
  -61.875000000000000       0.48904868604630441        1.4689272951833416E-003   3.2365133761189740E-003  -5.2305190221911572E-003  -2.0958795749492391E-002  -9.7809737209310785E-002   3.8838160513379534E-003  -1.7627127600917705E-004
  -61.500000000000000       0.48902994033184272        1.4959271442861577E-003   3.2551884966926081E-003  -5.2979674726121341E-003  -2.1101010697674259E-002  -9.7805988066419269E-002   3.9062261960261836E-003  -1.7951125791437848E-004
  -61.125000000000000       0.48901072178033211        1.5236695633877304E-003   3.2740658658326548E-003  -5.3667480284684552E-003  -2.1245242990924548E-002  -9.7802144356118947E-002   3.9288790389938400E-003  -1.8284034822003612E-004
  -60.750000000000000       0.48899101433621817        1.5521813515970229E-003   3.2931483100382608E-003  -5.4368964151679531E-003  -2.1391536870317408E-002  -9.7798202867296943E-002   3.9517779720405974E-003  -1.8626176281861991E-004
  -60.375000000000000       0.48897080126207199        1.5814904963631273E-003   3.3124386867666939E-003  -5.5084495741381861E-003  -2.1539937892963667E-002  -9.7794160252468856E-002   3.9749264241145197E-003  -1.8977886020452649E-004
  -60.000000000000000       0.48895006510394801        1.6116262357770089E-003   3.3319398833938623E-003  -5.5814457130884182E-003  -2.1690492981253966E-002  -9.7790013020846042E-002   3.9983278600669112E-003  -1.9339514894852548E-004
  -59.625000000000000       0.48892878765469600        1.6426191246458706E-003   3.3516548160149456E-003  -5.6559243587139948E-003  -2.1843250474302287E-002  -9.7785757530996303E-002   4.0219857792119784E-003  -1.9711429562764348E-004
  -59.250000000000000       0.48890694991508155        1.6745011045840755E-003   3.3715864280727745E-003  -5.7319264119818601E-003  -2.1998260181709816E-002  -9.7781389983073966E-002   4.0459037136814889E-003  -2.0094013323520890E-004
  -58.875000000000000       0.48888453205256865        1.7073055784168586E-003   3.3917376887949145E-003  -5.8094942061383730E-003  -2.2155573439763859E-002  -9.7776906410573308E-002   4.0700852265476246E-003  -2.0487667011066807E-004
  -58.500000000000000       0.48886151335763361        1.7410674891742703E-003   3.4121115914224533E-003  -5.8886715675990900E-003  -2.2315243170206132E-002  -9.7772302671587777E-002   4.0945339097006594E-003  -2.0892809941755266E-004
  -58.125000000000000       0.48883787219739538        1.7758234040159723E-003   3.4327111512130097E-003  -5.9695038798783257E-003  -2.2477323941698477E-002  -9.7767574439540830E-002   4.1192533814492045E-003  -2.1309880921487824E-004
  -57.750000000000000       0.48881358596640584        1.8116116034234760E-003   3.4535394031916960E-003  -6.0520381507373194E-003  -2.2641872034131483E-002  -9.7762717193344978E-002   4.1442472838234806E-003  -2.1739339316064876E-004
  -57.375000000000000       0.48878863103440523        1.8484721760385536E-003   3.4745993996315228E-003  -6.1363230827341728E-003  -2.2808945505929233E-002  -9.7757726206945922E-002   4.1695192795511210E-003  -2.2181666189165309E-004
  -57.000000000000000       0.48876298269080071        1.8864471195526801E-003   3.4958942072348159E-003  -6.2224091473726904E-003  -2.2978604264505119E-002  -9.7752596538227307E-002   4.1950730486747237E-003  -2.2637365513111988E-004
  -56.625000000000000       0.48873661508566568        1.9255804480813250E-003   3.5174269039878903E-003  -6.3103486630640407E-003  -2.3150910140041468E-002  -9.7747323017201904E-002   4.2209122847783947E-003  -2.3106965457266078E-004
  -56.250000000000000       0.48870950116699063        1.9659183065012186E-003   3.5392005756592800E-003  -6.4001958771192254E-003  -2.3325926962772182E-002  -9.7741900233468251E-002   4.2470406907838473E-003  -2.3591019760181380E-004
  -55.875000000000000       0.48868161261393378        2.0075090922544456E-003   3.5612183119072653E-003  -6.4920070520160626E-003  -2.3503720643957809E-002  -9.7736322522858715E-002   4.2734619742811775E-003  -2.4090109191123076E-004
  -55.500000000000000       0.48865291976575548        2.0504035851750314E-003   3.5834832019594801E-003  -6.5858405561961455E-003  -2.3684359260753855E-002  -9.7730583953224398E-002   4.3001798423435364E-003  -2.4604843108163221E-004
  -55.125000000000000       0.48862339154614337        2.0946550859405506E-003   3.6059983298260441E-003  -6.6817569596569447E-003  -2.3867913145186995E-002  -9.7724678309303564E-002   4.3271979957832107E-003  -2.5135861119364802E-004
  -54.750000000000000       0.48859299538257794        2.1403195637863604E-003   3.6287667690000245E-003  -6.7798191346357759E-003  -2.4054454977466597E-002  -9.7718599076592264E-002   4.3545201227915969E-003  -2.5683834855585460E-004
  -54.375000000000000       0.48856169712036496        2.1874558141921877E-003   3.6517915765983586E-003  -6.8800923616934850E-003  -2.4244059883868997E-002  -9.7712339424151987E-002   4.3821498919095342E-003  -2.6249469862585058E-004
  -54.000000000000000       0.48852946093094446        2.2361256273044678E-003   3.6750757868899129E-003  -6.9826444415235023E-003  -2.4436805539452520E-002  -9.7705892186269044E-002   4.4100909442592257E-003  -2.6833507622142411E-004
  -53.625000000000000       0.48849624921403323        2.2863939679142460E-003   3.6986224041522593E-003  -7.0875458128465858E-003  -2.4632772275869939E-002  -9.7699249842889149E-002   4.4383468849737992E-003  -2.7436727711702309E-004
  -53.250000000000000       0.48846202249313680        2.3383291678909595E-003   3.7224343947933163E-003  -7.1948696767629040E-003  -2.4832043194569400E-002  -9.7692404498712013E-002   4.4669212737426653E-003  -2.8059950113732334E-004
  -52.875000000000000       0.48842673930390851        2.3920031320505760E-003   3.7465146786681497E-003  -7.3046921279663127E-003  -2.5034704285683516E-002  -9.7685347860867966E-002   4.4958176143922784E-003  -2.8704037686030383E-004
  -52.500000000000000       0.48839035607481757        2.4474915585157493E-003   3.7708661195140947E-003  -7.4170922932527781E-003  -2.5240844552932552E-002  -9.7678071215051843E-002   4.5250393434068687E-003  -2.9369898806047817E-004
  -52.125000000000000       0.48835282699951083        2.5048741747223939E-003   3.7954915144179126E-003  -7.5321524777832482E-003  -2.5450556144883198E-002  -9.7670565399992498E-002   4.5545898172913973E-003  -3.0058490203034176E-004
  -51.750000000000000       0.48831410390020841        2.5642349903307578E-003   3.8203935822251692E-003  -7.6499583195943372E-003  -2.5663934492924759E-002  -9.7662820780134385E-002   4.5844722986598078E-003  -3.0770819992896809E-004
  -51.375000000000000       0.48827413608143772        2.6256625684072631E-003   3.8455749507850488E-003  -7.7705989528856715E-003  -2.5881078456352409E-002  -9.7654827216382301E-002   4.6146899409314213E-003  -3.1507950932458436E-004
  -51.000000000000000       0.48823287017330275        2.6892503163751776E-003   3.8710381429212931E-003  -7.8941671806498793E-003  -2.6102090474961405E-002  -9.7646574034757599E-002   4.6452457714944301E-003  -3.2271003910782937E-004
  -50.625000000000000       0.48819024996345789        2.7550967983594275E-003   3.8967855610028104E-003  -8.0207596572501472E-003  -2.6327076729590206E-002  -9.7638049992791062E-002   4.6761426731917960E-003  -3.3061161697382166E-004
  -50.250000000000000       0.48814621621685461        2.8233060707063217E-003   3.9228194699780419E-003  -8.1504770815956206E-003  -2.6556147311071938E-002  -9.7629243243473093E-002   4.7073833639620123E-003  -3.3879672968397545E-004
  -49.875000000000000       0.48810070648225662        2.8939880426190616E-003   3.9491419787221326E-003  -8.2834244016110302E-003  -2.6789416398081977E-002  -9.7620141296556023E-002   4.7389703744545432E-003  -3.4727856634291079E-004
  -49.500000000000000       0.48805365488440777        2.9672588640413207E-003   3.9757550195263251E-003  -8.4197110307435950E-003  -2.7027002444399539E-002  -9.7610730976989107E-002   4.7709060234192658E-003  -3.5607106494353223E-004
  -49.125000000000000       0.48800499190067009        3.0432413431062811E-003   4.0026603255517209E-003  -8.5594510773135957E-003  -2.7269028376132414E-002  -9.7600998380243997E-002   4.8031923906493206E-003  -3.6518896246229282E-004
  -48.750000000000000       0.48795464412078027        3.1220653957076509E-003   4.0298594060361580E-003  -8.7027635875600098E-003  -2.7515621799487817E-002  -9.7590928824268675E-002   4.8358312872304413E-003  -3.7464784880611711E-004
  -48.375000000000000       0.48790253398831568        3.2038685299772239E-003   4.0573535190357351E-003  -8.8497728033063820E-003  -2.7766915219702953E-002  -9.7580506797778674E-002   4.8688242228293903E-003  -3.8446422495099083E-004
  -48.000000000000000       0.48784857952226196        3.2887963687396465E-003   4.0851436414439876E-003  -9.0006084352352422E-003  -2.8023046271786641E-002  -9.7569715904571030E-002   4.9021723697188994E-003  -3.9465556563575828E-004
  -47.625000000000000       0.48779269401695680        3.3770032132952395E-003   4.1132304360204141E-003  -9.1554059528296174E-003  -2.8284157963768417E-002  -9.7558538803512576E-002   4.9358765232100652E-003  -4.0524038701660736E-004
  -47.250000000000000       0.48773478571851347        3.4686526522400662E-003   4.1416142151136605E-003  -9.3143068921225057E-003  -2.8550398933173529E-002  -9.7546957143826926E-002   4.9699370581218552E-003  -4.1623831972502736E-004
  -46.875000000000000       0.48767475747561267        3.5639182193650918E-003   4.1702949007478953E-003  -9.4774591824781894E-003  -2.8821923717504541E-002  -9.7534951495249891E-002   5.0043538808822192E-003  -4.2767018781599393E-004
  -46.500000000000000       0.48761250636239512        3.6629841051239167E-003   4.1992719806846083E-003  -9.6450174937139591E-003  -2.9098893039532028E-002  -9.7522501272609377E-002   5.0391263768058874E-003  -4.3955809414373859E-004
  -46.125000000000000       0.48754792327089624        3.7660459265722352E-003   4.2285444600529166E-003  -9.8171436049773273E-003  -2.9381474108258067E-002  -9.7509584654312406E-002   5.0742533520475265E-003  -4.5192551275521448E-004
  -45.750000000000000       0.48748089247026166        3.8733115612147018E-003   4.2581108080717925E-003  -9.9940067968907701E-003  -2.9669840936447388E-002  -9.7496178494188929E-002   5.1097329696695925E-003  -4.6479738895089301E-004
  -45.375000000000000       0.48741129112966841        3.9850020507421480E-003   4.2879688993504193E-003  -1.0175784268588188E-002  -2.9964174675672788E-002  -9.7482258226074037E-002   5.1455626792034619E-003  -4.7820024773355038E-004
  -45.000000000000000       0.48733898880157273        4.1013525812602751E-003   4.3181159491895160E-003  -1.0362661581391595E-002  -3.0264663969865491E-002  -9.7467797760458288E-002   5.1817391390099688E-003  -4.9216231143606962E-004
  -44.625000000000000       0.48726384686154295        4.2226135473178508E-003   4.3485484422381747E-003  -1.0554833130999489E-002  -3.0571505328406929E-002  -9.7452769372455603E-002   5.2182581306676875E-003  -5.0671362740420313E-004
  -44.250000000000000       0.48718571790058185        4.3490517078115408E-003   4.3792620537876940E-003  -1.0752502650200110E-002  -3.0884903519838216E-002  -9.7437143580266769E-002   5.2551144645267443E-003  -5.2188620670566099E-004
  -43.875000000000000       0.48710444506533929        4.4809514426988164E-003   4.4102515629037553E-003  -1.0955883744262800E-002  -3.1205071987311560E-002  -9.7420889013222572E-002   5.2923018754655509E-003  -5.3771417493514548E-004
  -43.500000000000000       0.48701986134120023        4.6186161204328927E-003   4.4415107564971957E-003  -1.1165200461325828E-002  -3.1532233286943226E-002  -9.7403972268397795E-002   5.3298129077770260E-003  -5.5423393630705490E-004
  -43.125000000000000       0.48693178877265736        4.7623695871069575E-003   4.4730323233344461E-003  -1.1380687900257293E-002  -3.1866619550261127E-002  -9.7386357754693703E-002   5.3676387879813140E-003  -5.7148435235280658E-004
  -42.750000000000000       0.48684003761475492        4.9125577894969684E-003   4.5048077368644380E-003  -1.1602592858642029E-002  -3.2208472971970853E-002  -9.7368007523116876E-002   5.4057692842168180E-003  -5.8950693668517707E-004
  -42.375000000000000       0.48674440540875602        5.0695505455543612E-003   4.5368271256057474E-003  -1.1831174523738726E-002  -3.2558046324283524E-002  -9.7348881081920982E-002   5.4441925507058599E-003  -6.0834606745846531E-004
  -42.000000000000000       0.48664467597436833        5.2337434774209733E-003   4.5690791296849800E-003  -1.2066705209444294E-002  -3.2915603499054633E-002  -9.7328935195047525E-002   5.4828949556003327E-003  -6.2804921932952046E-004
  -41.625000000000000       0.48654061831007533        5.4055601237365030E-003   4.6015507419423464E-003  -1.2309471142500540E-002  -3.3281420078979343E-002  -9.7308123662193283E-002   5.5218608903084788E-003  -6.4866721693543155E-004
  -41.250000000000000       0.48643198539209670        5.5854542499290906E-003   4.6342271318288147E-003  -1.2559773301405472E-002  -3.3655783939067700E-002  -9.7286397078601858E-002   5.5610725581716767E-003  -6.7025451212708261E-004
  -40.875000000000000       0.48631851286148786        5.7739123773240912E-003   4.6670914500944139E-003  -1.2817928311699634E-002  -3.4038995879567609E-002  -9.7263702572483443E-002   5.6005097400896276E-003  -6.9286948746368122E-004
  -40.500000000000000       0.48619991758763104        5.9714565543545952E-003   4.7001246120143012E-003  -1.3084269401527909E-002  -3.4431370291438813E-002  -9.7239983517716483E-002   5.6401495343931397E-003  -7.1657478875717360E-004
  -40.125000000000000       0.48607589609506496        6.1786473958420083E-003   4.7333050566189354E-003  -1.3359147421610944E-002  -3.4833235855351613E-002  -9.7215179219208303E-002   5.6799660679180079E-003  -7.4143768978606026E-004
  -39.750000000000000       0.48594612283901722        6.3960874194516756E-003   4.7666084790619311E-003  -1.3642931933978622E-002  -3.5244936275040134E-002  -9.7189224568002636E-002   5.7199301748490049E-003  -7.6753049266988502E-004
  -39.375000000000000       0.48581024831333036        6.6244247118427239E-003   4.8000075328966793E-003  -1.3936012374047037E-002  -3.5666831045605696E-002  -9.7162049662869662E-002   5.7600090394501428E-003  -7.9493096780772644E-004
  -39.000000000000000       0.48566789697250357        6.8643569610002831E-003   4.8334714986049436E-003  -1.4238799290829499E-002  -3.6099296257094016E-002  -9.7133579394708708E-002   5.8001657982995267E-003  -8.2372283775787787E-004
  -38.625000000000000       0.48551866494740153        7.1166358956368135E-003   4.8669659142450477E-003  -1.4551725670263204E-002  -3.6542725433282700E-002  -9.7103732989692576E-002   5.8403590970671840E-003  -8.5399630996549532E-004
  -38.250000000000000       0.48536211753169684        7.3820721775884326E-003   4.9004521635341294E-003  -1.4875248346788886E-002  -3.6997530405136717E-002  -9.7072423506555913E-002   5.8805425962134275E-003  -8.8584866385077064E-004
  -37.875000000000000       0.48519778641332967        7.6615407987822111E-003   4.9338870160542583E-003  -1.5209849508448848E-002  -3.7464142217777184E-002  -9.7039557282886671E-002   5.9206644192372057E-003  -9.1938489844497150E-004
  -37.500000000000000       0.48502516662211476        7.9559870408006800E-003   4.9672221135557510E-003  -1.5556038300803128E-002  -3.7943012069027629E-002  -9.7005033324647980E-002   5.9606665362384025E-003  -9.5471844753754296E-004
  -37.125000000000000       0.48484371316105873        8.2664330623308593E-003   5.0004033955057337E-003  -1.5914352534962210E-002  -3.8434612276627214E-002  -9.6968742632441651E-002   6.0004840745779163E-003  -9.9197197017083507E-004
  -36.750000000000000       0.48465283728489306        8.5939851880577171E-003   5.0333704560935524E-003  -1.6285360504871782E-002  -3.8939437269979484E-002  -9.6930567457213235E-002   6.0400445472828940E-003  -1.0312782253069795E-003
  -36.375000000000000       0.48445190238480640        8.9398419819312156E-003   5.0660558238234000E-003  -1.6669662918706453E-002  -3.9458004600792823E-002  -9.6890380477199889E-002   6.0792669885582247E-003  -1.0727810406193838E-003
  -36.000000000000000       0.48424021943312473        9.3053031983533051E-003   5.0983841535839521E-003  -1.7067894948755401E-002  -3.9990855965068114E-002  -9.6848043886867172E-002   6.1180609842705113E-003  -1.1166363866362990E-003
  -35.625000000000000       0.48401704193589801        9.6917797169144906E-003   5.1302713196670173E-003  -1.7480728403448591E-002  -4.0538558226579570E-002  -9.6803408387426015E-002   6.1563255835700584E-003  -1.1630135689080347E-003
  -35.250000000000000       0.48378156033465547        1.0100804580004868E-002   5.1616233965670463E-003  -1.7908874024124673E-002  -4.1101704429086089E-002  -9.6756312067180550E-002   6.1939480758496420E-003  -1.2120965525209656E-003
  -34.875000000000000       0.48353289579114495        1.0534045268172906E-002   5.1923355125138510E-003  -1.8353083907683979E-002  -4.1680914780984533E-002  -9.6706579158482617E-002   6.2308026149856029E-003  -1.2640854351409563E-003
  -34.500000000000000       0.48327009328035414        1.0993317365752446E-002   5.2222905585305145E-003  -1.8814154054292317E-002  -4.2276837591718359E-002  -9.6654018656327376E-002   6.2667486702054770E-003  -1.3191980868871211E-003
  -34.125000000000000       0.48299211390750646        1.1480599789304165E-002   5.2513577333132442E-003  -1.9292927036642094E-002  -4.2890150133881470E-002  -9.6598422781760757E-002   6.3016292799446434E-003  -1.3776719777466155E-003
  -33.750000000000000       0.48269782635391828        1.1998051774100226E-002   5.2793909013629020E-003  -1.9790294783788877E-002  -4.3521559398336906E-002  -9.6539565271045763E-002   6.3352690816039919E-003  -1.4397662159512626E-003
  -33.375000000000000       0.48238599734436149        1.2548031839559557E-002   5.3062267385011628E-003  -2.0307201468016817E-002  -4.4171802701535506E-002  -9.6477199469136271E-002   6.3674720861701152E-003  -1.5057638238314315E-003
  -33.000000000000000       0.48205528101483353        1.3133118983588373E-002   5.3316826350985995E-003  -2.0844646477263234E-002  -4.4841648094226097E-002  -9.6411056203232440E-002   6.3980191620873934E-003  -1.5759742811347014E-003
  -32.625000000000000       0.48170420704422667        1.3756136388505057E-002   5.3555543229715308E-003  -2.1403687447995666E-002  -4.5531894508482836E-002  -9.6340841409112893E-002   6.4266651875352493E-003  -1.6507363697387176E-003
  -32.250000000000000       0.48133116739610038        1.4420177958071228E-002   5.3776131868796401E-003  -2.1985443323661497E-002  -4.6243371564912858E-002  -9.6266233479487512E-002   6.4531358242254470E-003  -1.7304213580944959E-003
  -31.875000000000000       0.48093440149758149        1.5128638046441194E-002   5.3976032157807908E-003  -2.2591097391313392E-002  -4.6976938943404309E-002  -9.6186880299784769E-002   6.4771238589074551E-003  -1.8154365686995242E-003
  -31.500000000000000       0.48051197966111853        1.5885244785863284E-002   5.4152375423807391E-003  -2.3221900233082984E-002  -4.7733485198064883E-002  -9.6102395932491300E-002   6.4982850508280982E-003  -1.9062293774232020E-003
  -31.125000000000000       0.48006178453144965        1.6694097471075652E-002   5.4301945119474325E-003  -2.3879172508947180E-002  -4.8513925869125112E-002  -9.6012356906556337E-002   6.5162334143090616E-003  -2.0032916996332402E-003
  -30.750000000000000       0.47958149031470010        1.7559708514474848E-002   5.4421132127183769E-003  -2.4564307461564214E-002  -4.9319200710319047E-002  -9.5916298063203773E-002   6.5305358552352026E-003  -2.1071650248162301E-003
  -30.375000000000000       0.47906853951918632        1.8487050547336417E-002   5.4505883904227420E-003  -2.5278773001486583E-002  -5.0150269808240819E-002  -9.5813707904098488E-002   6.5407060684819227E-003  -2.2184460687251339E-003
  -30.000000000000000       0.47852011690867258        1.9481609308024679E-002   5.4551646583470203E-003  -2.6024113190034497E-002  -5.1008108318548302E-002  -9.5704023381992159E-002   6.5461975899922618E-003  -2.3377931199623911E-003
  -29.625000000000000       0.47793312033916802        2.0549443027263577E-002   5.4553299019217778E-003  -2.6801948885322776E-002  -5.1893699480549643E-002  -9.5586624068086753E-002   6.5463958822835041E-003  -2.4659331662144207E-003
  -29.250000000000000       0.47730412812093720        2.1697249091391729E-002   5.4505077629581128E-003  -2.7613977251699139E-002  -5.2808025494012679E-002  -9.5460825624435003E-002   6.5406093155288905E-003  -2.6036698938412808E-003
  -28.875000000000000       0.47662936252004123        2.2932438834051588E-002   5.4400490734208265E-003  -2.8461969750705442E-002  -5.3752055746779277E-002  -9.5325872504248135E-002   6.5280588880859032E-003  -2.7518926628794416E-003
  -28.500000000000000       0.47590464899094448        2.4263221370450071E-002   5.4232220921628408E-003  -2.9347768128443343E-002  -5.4726731765139772E-002  -9.5180929798421868E-002   6.5078665105785102E-003  -2.9115865671535150E-003
  -28.125000000000000       0.47512537071733268        2.5698697439251555E-002   5.3992013806210878E-003  -3.0273277784630657E-002  -5.5732948116279525E-002  -9.5025074143689825E-002   6.4790416567307640E-003  -3.0838436953029165E-003
  -27.750000000000000       0.47428641803783472        2.7248964245148374E-002   5.3670551356994767E-003  -3.1240457746284301E-002  -5.6771528318087974E-002  -9.4857283607780576E-002   6.4404661628269530E-003  -3.2698757118909670E-003
  -27.375000000000000       0.47338213235465054        2.8925232285568123E-002   5.3257307808345210E-003  -3.2251306265933401E-002  -5.7843194599784556E-002  -9.4676426471131933E-002   6.3908769369914525E-003  -3.4710278766092216E-003
  -27.000000000000000       0.47240624417719201        3.0739955076722406E-002   5.2740386011140032E-003  -3.3307840811078578E-002  -5.8948530099997017E-002  -9.4481248835628140E-002   6.3288463213293919E-003  -3.6887946114035944E-003
  -26.625000000000000       0.47135180505523766        3.2706972537872241E-002   5.2106331975427227E-003  -3.4412070896883779E-002  -6.0087931778972085E-002  -9.4270361011223699E-002   6.2527598370462076E-003  -3.9248367065862697E-003
  -26.250000000000000       0.47021111332805704        3.4841668506719450E-002   5.1339925326356912E-003  -3.5565961824469194E-002  -6.1261551949931915E-002  -9.4042222665774056E-002   6.1607910391602233E-003  -4.1810002226833161E-003
  -25.875000000000000       0.46897563388693458        3.7161142386114537E-002   5.0423943495038768E-003  -3.6771386907433742E-002  -6.2469225892684575E-002  -9.3795126777534057E-002   6.0508732194042691E-003  -4.4593370880381027E-003
  -25.500000000000000       0.46763591255822995        3.9684394184128946E-002   4.9338897768384776E-003  -3.8030065182661867E-002  -6.3710382493074230E-002  -9.3527182511777870E-002   5.9206677322078856E-003  -4.7621273036220916E-003
  -25.125000000000000       0.46618148631644107        4.2432521099381608E-002   4.8062739931363689E-003  -3.9343480890629473E-002  -6.4983934250445879E-002  -9.3236297263404821E-002   5.7675287917670062E-003  -5.0919025332717121E-003
  -24.750000000000000       0.46460079140307725        4.5428922177820089E-002   4.6570539298673077E-003  -4.0712780159539497E-002  -6.6288142313944351E-002  -9.2920158280716647E-002   5.5884647158459446E-003  -5.4514706625040325E-003
  -24.375000000000000       0.46288107265182421        4.8699505236059003E-002   4.4834131654471710E-003  -4.2138639325429925E-002  -6.7620451460277273E-002  -9.2576214530450812E-002   5.3800957985426388E-003  -5.8439406293163141E-003
  -24.000000000000000       0.46100829902483137        5.2272886961580417E-002   4.2821744277746331E-003  -4.3621098166678571E-002  -6.8977289142455656E-002  -9.2201659805037625E-002   5.1386093133362993E-003  -6.2727464362101705E-003
  -23.625000000000000       0.45896709270297764        5.6180572544933881E-002   4.0497605201895827E-003  -4.5159350046025983E-002  -7.0353821983306808E-002  -9.1793418540652885E-002   4.8597126242343755E-003  -6.7416687060546619E-003
  -23.250000000000000       0.45674068223284275        6.0457094979688535E-002   3.7821550633691521E-003  -4.6751479591930489E-002  -7.1743662468742087E-002  -9.1348136446613770E-002   4.5385860760500637E-003  -7.2548513980819620E-003
  -22.875000000000000       0.45431089443602829        6.5140085812550638E-002   3.4748652670852946E-003  -4.8394137227754278E-002  -7.3138518294732280E-002  -9.0862178887239534E-002   4.1698383205087605E-003  -7.8168102978989906E-003
  -22.500000000000000       0.45165820527356126        7.0270238112243935E-002   3.1228900887853616E-003  -5.0082138778179498E-002  -7.4527777123672687E-002  -9.0331641054737524E-002   3.7474681065485229E-003  -8.4324285737551914E-003
  -22.125000000000000       0.44876187686069613        7.5891108221885092E-002   2.7206986915246532E-003  -5.1807977893787736E-002  -7.5898020842819200E-002  -8.9752375372156940E-002   3.2648384298344878E-003  -9.1069329868243253E-003
  -21.750000000000000       0.44560021650520715        8.2048685048199232E-002   2.2622261784617952E-003  -5.3561239687082776E-002  -7.7232466421575552E-002  -8.9120043301052485E-002   2.7146714141580070E-003  -9.8458422059139010E-003
  -21.375000000000000       0.44215100397141299        8.8790634131467538E-002   1.7408962404511805E-003  -5.5327906601110213E-002  -7.8510336023401850E-002  -8.8430200794289968E-002   2.0890754885444724E-003  -1.0654876095856117E-002
  -21.000000000000000       0.43839214475837490        9.6165099135911591E-002   1.1496836480665651E-003  -5.7089553342019046E-002  -7.9706168329927926E-002  -8.7678428951679155E-002   1.3796203776818227E-003  -1.1539811896355199E-002
  -20.625000000000000       0.43430261896595740       0.10421891758377223        4.8123338689375517E-004  -5.8822438354053118E-002  -8.0789097571055651E-002  -8.6860523793193423E-002   5.7748006427388668E-004  -1.2506270110076599E-002
  -20.250000000000000       0.42986380516316480       0.11299508464796526       -2.7194258680839225E-004  -6.0496516915072004E-002  -8.1722148221898896E-002  -8.5972761032634168E-002  -3.2633110416903951E-004  -1.3559410157767581E-002
  -19.875000000000000       0.42506126278982498       0.12252928592166347       -1.1171661065372122E-003  -6.2074427922553771E-002  -8.2461623335029668E-002  -8.5012252557965517E-002  -1.3405993278442891E-003  -1.4703514310604229E-002
  -19.500000000000000       0.41988704899263896       0.13284532919623707       -2.0611637437064709E-003  -6.3510545152674763E-002  -8.2956703918944247E-002  -8.3977409798528233E-002  -2.4733964924477307E-003  -1.5941439503550186E-002
  -19.125000000000000       0.41434261770630204       0.14394935396494815       -3.1094814348284114E-003  -6.4750235485171295E-002  -8.3149424703834296E-002  -8.2868523541260550E-002  -3.7313777217941740E-003  -1.7273922475794370E-002
  -18.750000000000000       0.40844228899593288       0.15582280880861712       -4.2657231248431583E-003  -6.5729529838075840E-002  -8.2975243506731619E-002  -8.1688457799186640E-002  -5.1188677498118021E-003  -1.8698737057033919E-002
  -18.375000000000000       0.40221717295660092       0.16841438706730627       -5.5306101780074422E-003  -6.6375480607366338E-002  -8.2364466751296286E-002  -8.0443434591319876E-002  -6.6367322136091115E-003  -2.0209726448076615E-002
  -18.000000000000000       0.39571927563257353       0.18163142153533932       -6.9008880583751198E-003  -6.6607537045265522E-002  -8.1244813777448674E-002  -7.9143855126514423E-002  -8.2810656700501306E-003  -2.1795770584240596E-002
  -17.625000000000000       0.38902530579205563       0.19533166105102068       -8.3681524461250989E-003  -6.6340290799112162E-002  -7.9545369422018120E-002  -7.7805061158411515E-002  -1.0041782935349745E-002  -2.3439799326122307E-002
  -17.250000000000000       0.38223946368814810       0.20931684571965975       -9.9177274151226041E-003  -6.5487890139100807E-002  -7.7202053687115413E-002  -7.6447892737629669E-002  -1.1901272898147091E-002  -2.5118021486359179E-002
  -16.875000000000000       0.37549428181293382       0.22332995661220076       -1.1527795371676058E-002  -6.3970250936478762E-002  -7.4164498621071606E-002  -7.5098856362586661E-002  -1.3833354446011258E-002  -2.6799594793463791E-002
  -16.500000000000000       0.36894849666542728       0.23705825429039873       -1.3169033934940580E-002  -6.1720875072776960E-002  -7.0403858383650458E-002  -7.3789699333086017E-002  -1.5802840721928987E-002  -2.8446990514847503E-002
  -16.125000000000000       0.36278107787574559       0.25014399578531510       -1.4805030651286466E-002  -5.8695632088978406E-002  -6.5920630339830560E-002  -7.2556215575149602E-002  -1.7766036781543541E-002  -3.0017279494238047E-002
  -15.750000000000000       0.35718102706484761       0.26220381376402846       -1.6393690745262521E-002  -5.4881346142099718E-002  -6.0751143817967257E-002  -7.1436205412969078E-002  -1.9672428894315204E-002  -3.1464457651683597E-002
  -15.375000000000000       0.35233339662398344       0.27285610136363136       -1.7889705652289381E-002  -5.0302617140654537E-002  -5.4971153113541282E-002  -7.0466679324796944E-002  -2.1467646782747374E-002  -3.2742732163635505E-002
  -15.000000000000000       0.34840302514641008       0.28175362867160442       -1.9247921060509599E-002  -4.5025200178313629E-002  -4.8695137127184818E-002  -6.9680605029282305E-002  -2.3097505272611826E-002  -3.3810435440592160E-002
  -14.625000000000000       0.34551842846368924       0.28861663258642700       -2.0427186122478153E-002  -3.9154640085876380E-002  -4.2070557571082523E-002  -6.9103685692738170E-002  -2.4512623346973794E-002  -3.4633995910370932E-002
  -14.250000000000000       0.34375872990774708       0.29326057025007291       -2.1394068937127184E-002  -3.2829724428735579E-002  -3.5267374017978470E-002  -6.8751745981549567E-002  -2.5672882724552787E-002  -3.5191268430008589E-002
  -13.875000000000000       0.34314617234267719       0.29561322952487490       -2.2125775915096013E-002  -2.6211473376382730E-002  -2.8464260814299092E-002  -6.8629234468535763E-002  -2.6550931098115321E-002  -3.5473587542985033E-002
  -13.500000000000000       0.34364562998030362       0.29571800666298842       -2.2611755044578727E-002  -1.9469449063157410E-002  -2.1833812118674523E-002  -6.8729125996061208E-002  -2.7134106053494561E-002  -3.5486160799558297E-002
  -13.125000000000000       0.34517097465832625       0.29372325277063932       -2.2853758331775276E-002  -1.2767753558248912E-002  -1.5529234285392768E-002  -6.9034194931665335E-002  -2.7424509998130259E-002  -3.5246790332476477E-002
  -12.750000000000000       0.34759669076005223       0.28986058514626184       -2.2864484062030038E-002  -6.2529942193962759E-003  -9.6745400476473120E-003  -6.9519338152010293E-002  -2.7437380874436590E-002  -3.4783270217551468E-002
  -12.375000000000000       0.35077224989541539       0.28441697493049212       -2.2665196864398777E-002  -4.5811697161548081E-005  -4.3592921856372910E-003  -7.0154449979083183E-002  -2.7198236237278659E-002  -3.4130036991659174E-002
  -12.000000000000000       0.35453664502966253       0.27770581226397406       -2.2282855342795088E-002   5.7634087469210244E-003   3.6212924551099829E-004  -7.0907329005932232E-002  -2.6739426411353635E-002  -3.3324697471677003E-002
  -11.625000000000000       0.35873101905386195       0.27004121048734814       -2.1747253656436528E-002   1.1114936143357368E-002   4.4675991472746058E-003  -7.1746203810772055E-002  -2.6096704387724087E-002  -3.2404945258481879E-002
  -11.250000000000000       0.36320818704566893       0.26171814956964090       -2.1088551381147964E-002   1.5977106856827437E-002   7.9619463459479536E-003  -7.2641637409133694E-002  -2.5306261657377063E-002  -3.1406177948358170E-002
  -10.875000000000000       0.36783871456747175       0.25299933742644432       -2.0335393319892911E-002   2.0341890864525029E-002   1.0870589217121375E-002  -7.3567742913494952E-002  -2.4402471983870307E-002  -3.0359920491178208E-002
  -10.500000000000000       0.37251385975862999       0.24410833920836608       -1.9513664848200277E-002   2.4219678695817599E-002   1.3233169656016579E-002  -7.4502771951726887E-002  -2.3416397817836148E-002  -2.9293000705020607E-002
  -10.125000000000000       0.37714604321923284       0.23522775664246171       -1.8645819562983335E-002   2.7634108858176513E-002   1.5097887215928214E-002  -7.5429208643850137E-002  -2.2374983475570386E-002  -2.8227330797141771E-002
  -9.7500000000000000       0.38166761287897771       0.22650097920171988       -1.7750659749659704E-002   3.0617456848985525E-002   1.6516887826242287E-002  -7.6333522575804405E-002  -2.1300791699571359E-002  -2.7180117504319725E-002
  -9.3750000000000000       0.38602860578666659       0.21803611759979244       -1.6843436147774823E-002   3.3206840427524163E-002   1.7542793441699945E-002  -7.7205721157352775E-002  -2.0212123377291041E-002  -2.6164334112217753E-002
  -9.0000000000000000       0.39019406114092287       0.20991099851216896       -1.5936146011895649E-002   3.5441299437845526E-002   1.8226287823116707E-002  -7.8038812228222218E-002  -1.9123375214208028E-002  -2.5189319821927045E-002
  -8.6250000000000000       0.39414127276682276       0.20217841796969141       -1.5037933336363345E-002   3.7359686483938316E-002   1.8614587105481702E-002  -7.8828254553429691E-002  -1.8045520003531761E-002  -2.4261410157182244E-002
  -8.2500000000000000       0.39785722147267977       0.19487114217671822       -1.4155522428213075E-002   3.8999243885725857E-002   1.8750597860861976E-002  -7.9571444294642080E-002  -1.6986626913703732E-002  -2.3384537062537417E-002
  -7.8750000000000000       0.40133631341245340       0.18800637462035935       -1.3293640262260181E-002   4.0394723890316675E-002   1.8672575965780792E-002  -8.0267262682652996E-002  -1.5952368314503324E-002  -2.2560764956468790E-002
  -7.5000000000000000       0.40457847117207163       0.18158957146173954       -1.2455402035572940E-002   4.1577915916203224E-002   1.8414127970031887E-002  -8.0915694234647853E-002  -1.4946482442416699E-002  -2.1790748578323530E-002
  -7.1250000000000000       0.40758757449673094       0.17561759198979762       -1.1642647867567310E-002   4.2577463778234986E-002   1.8004430434635826E-002  -8.1517514899667728E-002  -1.3971177440744765E-002  -2.1074111042774048E-002
  -6.7500000000000000       0.41037021996485623       0.17008123110302362       -1.0856227456241641E-002   4.3418878987283097E-002   1.7468574842688930E-002  -8.2074043993394713E-002  -1.3027472947089763E-002  -2.0409747737627236E-002
  -6.3750000000000000       0.41293475644286115       0.16496720995321776       -1.0096234801656565E-002   4.4124678579034550E-002   1.6827972960653317E-002  -8.2586951289111213E-002  -1.2115481761527267E-002  -1.9796065201077365E-002
  -6.0000000000000000       0.41529055015517780       0.16025971022529270       -9.3621979014175075E-003   4.4714595250040436E-002   1.6100779033567894E-002  -8.3058110031701146E-002  -1.1234637481187250E-002  -1.9231165235284155E-002
  -5.6250000000000000       0.41744743557265068       0.15594153529090382       -8.6532294748509573E-003   4.5205823153360726E-002   1.5302301262735258E-002  -8.3489487115330455E-002  -1.0383875369263164E-002  -1.8712984244812301E-002
  -5.2500000000000000       0.41941531331745779       0.15199497327434899       -7.9681449256304264E-003   4.5613274650249495E-002   1.4445386495203208E-002  -8.3883062664431338E-002  -9.5617739101652686E-003  -1.8239396804541209E-002
  -4.8750000000000000       0.42120386220317069       0.14840242645993088       -7.3055533518133417E-003   4.5949832124640572E-002   1.3540769934868723E-002  -8.4240772441715628E-002  -8.7666640215634545E-003  -1.7808291188551453E-002
  -4.5000000000000000       0.42282233840167815       0.14514686053628886       -6.6639267473107668E-003   4.6226585252302492E-002   1.2597386875978266E-002  -8.4564467681557953E-002  -7.9967120961515481E-003  -1.7417623279445061E-002
  -4.1250000000000000       0.42427944005908491       0.14221211702329339       -6.0416517873840324E-003   4.6453048460776740E-002   1.1622646719359907E-002  -8.4855888013177214E-002  -7.2499821442432062E-003  -1.7065454059574395E-002
  -3.7500000000000000       0.42558322026767043       0.13958312335776668       -5.4370678539810424E-003   4.6637356220489874E-002   1.0622671451068613E-002  -8.5116644055027044E-002  -6.5244814241749898E-003  -1.6749974821330064E-002
  -3.3750000000000000       0.42674103510628070       0.13724602766258842       -4.8484942864800793E-003   4.6786435673828883E-002   9.6025017827566853E-003  -8.5348207022873115E-002  -5.8181931432007682E-003  -1.6469523339433679E-002
  -3.0000000000000000       0.42775951654013411       0.13518827913284204       -4.2742492612086050E-003   4.6906157245533285E-002   8.5662745900637275E-003  -8.5551903309758981E-002  -5.1290991129124570E-003  -1.6222593517273651E-002
  -2.6250000000000000       0.42864456241490045       0.13339867009296238       -3.7126622129647732E-003   4.7001464513229577E-002   7.5173753612960666E-003  -8.5728912484816566E-002  -4.4551946550666997E-003  -1.6007840433765578E-002
  -2.2500000000000000       0.42940133769195821       0.13186735192832699       -3.1620813083827739E-003   4.7076484916462887E-002   6.4585692347477134E-003  -8.5880267540320965E-002  -3.7944975696229829E-003  -1.5824082255140117E-002
  -1.8750000000000000       0.43003428255045739       0.13058583409139696       -2.6208771547410153E-003   4.7134622962785394E-002   5.3921139595762375E-003  -8.6006856512099814E-002  -3.1450525853150050E-003  -1.5670300115681914E-002
  -1.5000000000000000       0.43054712411534457       0.12954697306039592       -2.0874436677912681E-003   4.7178637530910977E-002   4.3198578271526093E-003  -8.6109424825143971E-002  -2.5049324010432174E-003  -1.5545636792768318E-002
  -1.1250000000000000       0.43094288943363890       0.12874495634395514       -1.5601968177552140E-003   4.7210704728098338E-002   3.2433253280630004E-003  -8.6188577888855075E-002  -1.8722361810724827E-003  -1.5449394787429073E-002
 -0.75000000000000000       0.43122391797587439       0.12817528525769561       -1.0375718142823138E-003   4.7232467567443544E-002   2.1637930191435450E-003  -8.6244783597339447E-002  -1.2450861769810737E-003  -1.5381034257533840E-002
 -0.37500000000000000       0.43139187243662508       0.12783475914878409       -5.1801917082166117E-004   4.7245073513544962E-002   1.0823578492825665E-003  -8.6278374489511298E-002  -6.2162300490654617E-004  -1.5340171124739371E-002
   0.0000000000000000       0.43144774698799121       0.12772146293101577        2.2253567471099193E-017   4.7249200715630588E-002   6.2778558094225254E-018  -8.6289549399792387E-002  -6.0094905321525625E-018  -1.5326575578699033E-002
  0.37500000000000000       0.43139187243662508       0.12783475914878367        5.1801917082166984E-004   4.7245073513545136E-002  -1.0823578492826359E-003  -8.6278374489511728E-002   6.2162300490646290E-004  -1.5340171124739219E-002
  0.75000000000000000       0.43122391797587439       0.12817528525769620        1.0375718142823971E-003   4.7232467567443551E-002  -2.1637930191435867E-003  -8.6244783597339156E-002   1.2450861769810807E-003  -1.5381034257533881E-002
   1.1250000000000000       0.43094288943363940       0.12874495634395480        1.5601968177554187E-003   4.7210704728098102E-002  -3.2433253280629726E-003  -8.6188577888854909E-002   1.8722361810724689E-003  -1.5449394787428974E-002
   1.5000000000000000       0.43054712411534468       0.12954697306039578        2.0874436677914519E-003   4.7178637530911179E-002  -4.3198578271524983E-003  -8.6109424825144082E-002   2.5049324010432243E-003  -1.5545636792768276E-002
   1.8750000000000000       0.43003428255045689       0.13058583409139707        2.6208771547410240E-003   4.7134622962785221E-002  -5.3921139595763902E-003  -8.6006856512100480E-002   3.1450525853149633E-003  -1.5670300115681737E-002
   2.2500000000000000       0.42940133769195848       0.13186735192832605        3.1620813083826473E-003   4.7076484916463560E-002  -6.4585692347478383E-003  -8.5880267540321020E-002   3.7944975696228892E-003  -1.5824082255140041E-002
   2.6250000000000000       0.42864456241489968       0.13339867009296308        3.7126622129648947E-003   4.7001464513229167E-002  -7.5173753612959833E-003  -8.5728912484816608E-002   4.4551946550665401E-003  -1.6007840433765602E-002
   3.0000000000000000       0.42775951654013450       0.13518827913284251        4.2742492612088583E-003   4.6906157245532966E-002  -8.5662745900636997E-003  -8.5551903309758842E-002   5.1290991129124292E-003  -1.6222593517273783E-002
   3.3750000000000000       0.42674103510628097       0.13724602766258845        4.8484942864802111E-003   4.6786435673828938E-002  -9.6025017827566714E-003  -8.5348207022873337E-002   5.8181931432009001E-003  -1.6469523339433575E-002
   3.7500000000000000       0.42558322026767031       0.13958312335776685        5.4370678539810997E-003   4.6637356220489881E-002  -1.0622671451068683E-002  -8.5116644055027071E-002   6.5244814241751286E-003  -1.6749974821330119E-002
   4.1250000000000000       0.42427944005908491       0.14221211702329298        6.0416517873840671E-003   4.6453048460776789E-002  -1.1622646719359685E-002  -8.4855888013176756E-002   7.2499821442432409E-003  -1.7065454059574488E-002
   4.5000000000000000       0.42282233840167899       0.14514686053628834        6.6639267473107599E-003   4.6226585252302471E-002  -1.2597386875978252E-002  -8.4564467681558175E-002   7.9967120961515065E-003  -1.7417623279444752E-002
   4.8750000000000000       0.42120386220316997       0.14840242645993157        7.3055533518130815E-003   4.5949832124640579E-002  -1.3540769934868807E-002  -8.4240772441715406E-002   8.7666640215635309E-003  -1.7808291188551449E-002
   5.2500000000000000       0.41941531331745846       0.15199497327434738        7.9681449256304385E-003   4.5613274650250481E-002  -1.4445386495203097E-002  -8.3883062664431643E-002   9.5617739101653589E-003  -1.8239396804541067E-002
   5.6250000000000000       0.41744743557265068       0.15594153529090363        8.6532294748509347E-003   4.5205823153360886E-002  -1.5302301262735438E-002  -8.3489487115330649E-002   1.0383875369263352E-002  -1.8712984244812370E-002
   6.0000000000000000       0.41529055015517791       0.16025971022529226        9.3621979014176012E-003   4.4714595250040332E-002  -1.6100779033567839E-002  -8.3058110031701188E-002   1.1234637481187125E-002  -1.9231165235283933E-002
   6.3750000000000000       0.41293475644286060       0.16496720995321851        1.0096234801656266E-002   4.4124678579034564E-002  -1.6827972960653331E-002  -8.2586951289111435E-002   1.2115481761527163E-002  -1.9796065201077358E-002
   6.7500000000000000       0.41037021996485684       0.17008123110302437        1.0856227456241457E-002   4.3418878987282972E-002  -1.7468574842689388E-002  -8.2074043993394699E-002   1.3027472947089776E-002  -2.0409747737627382E-002
   7.1250000000000000       0.40758757449673039       0.17561759198979793        1.1642647867567113E-002   4.2577463778235014E-002  -1.8004430434635895E-002  -8.1517514899667784E-002   1.3971177440744807E-002  -2.1074111042774110E-002
   7.5000000000000000       0.40457847117207246       0.18158957146173849        1.2455402035572971E-002   4.1577915916203093E-002  -1.8414127970031734E-002  -8.0915694234648491E-002   1.4946482442416477E-002  -2.1790748578323343E-002
   7.8750000000000000       0.40133631341245363       0.18800637462035910        1.3293640262259720E-002   4.0394723890316175E-002  -1.8672575965780487E-002  -8.0267262682653273E-002   1.5952368314503276E-002  -2.2560764956468755E-002
   8.2500000000000000       0.39785722147267966       0.19487114217671800        1.4155522428213442E-002   3.8999243885726009E-002  -1.8750597860861824E-002  -7.9571444294642288E-002   1.6986626913703607E-002  -2.3384537062537392E-002
   8.6250000000000000       0.39414127276682170       0.20217841796969255        1.5037933336363147E-002   3.7359686483937761E-002  -1.8614587105481535E-002  -7.8828254553429761E-002   1.8045520003531455E-002  -2.4261410157182556E-002
   9.0000000000000000       0.39019406114092320       0.20991099851216874        1.5936146011895431E-002   3.5441299437845568E-002  -1.8226287823117124E-002  -7.8038812228221704E-002   1.9123375214208368E-002  -2.5189319821927101E-002
   9.3750000000000000       0.38602860578666703       0.21803611759979191        1.6843436147774785E-002   3.3206840427524517E-002  -1.7542793441700167E-002  -7.7205721157352664E-002   2.0212123377290985E-002  -2.6164334112217785E-002
   9.7500000000000000       0.38166761287897844       0.22650097920171874        1.7750659749659954E-002   3.0617456848986018E-002  -1.6516887826242232E-002  -7.6333522575804502E-002   2.1300791699571373E-002  -2.7180117504319756E-002
   10.125000000000000       0.37714604321923273       0.23522775664246148        1.8645819562983258E-002   2.7634108858176805E-002  -1.5097887215928214E-002  -7.5429208643850304E-002   2.2374983475570358E-002  -2.8227330797141889E-002
   10.500000000000000       0.37251385975863022       0.24410833920836530        1.9513664848199729E-002   2.4219678695817912E-002  -1.3233169656016773E-002  -7.4502771951726637E-002   2.3416397817836065E-002  -2.9293000705020354E-002
   10.875000000000000       0.36783871456747191       0.25299933742644437        2.0335393319892654E-002   2.0341890864524349E-002  -1.0870589217120847E-002  -7.3567742913495077E-002   2.4402471983870348E-002  -3.0359920491178031E-002
   11.250000000000000       0.36320818704566887       0.26171814956964112        2.1088551381147659E-002   1.5977106856826847E-002  -7.9619463459479258E-003  -7.2641637409133611E-002   2.5306261657376924E-002  -3.1406177948358073E-002
   11.625000000000000       0.35873101905386118       0.27004121048734925        2.1747253656436625E-002   1.1114936143357167E-002  -4.4675991472751609E-003  -7.1746203810772124E-002   2.6096704387724226E-002  -3.2404945258482101E-002
   12.000000000000000       0.35453664502966348       0.27770581226397389        2.2282855342794838E-002   5.7634087469213367E-003  -3.6212924551083176E-004  -7.0907329005932482E-002   2.6739426411354121E-002  -3.3324697471676948E-002
   12.375000000000000       0.35077224989541572       0.28441697493049112        2.2665196864398874E-002  -4.5811697160299080E-005   4.3592921856357089E-003  -7.0154449979083378E-002   2.7198236237278701E-002  -3.4130036991659202E-002
   12.750000000000000       0.34759669076005245       0.28986058514625995        2.2864484062030399E-002  -6.2529942193959151E-003   9.6745400476470067E-003  -6.9519338152010696E-002   2.7437380874436396E-002  -3.4783270217551232E-002
   13.125000000000000       0.34517097465832575       0.29372325277064015        2.2853758331775387E-002  -1.2767753558250161E-002   1.5529234285393878E-002  -6.9034194931665363E-002   2.7424509998130675E-002  -3.5246790332476866E-002
   13.500000000000000       0.34364562998030418       0.29571800666298653        2.2611755044578713E-002  -1.9469449063156549E-002   2.1833812118674106E-002  -6.8729125996061013E-002   2.7134106053494284E-002  -3.5486160799558020E-002
   13.875000000000000       0.34314617234267658       0.29561322952487484        2.2125775915096235E-002  -2.6211473376382050E-002   2.8464260814298259E-002  -6.8629234468535180E-002   2.6550931098115044E-002  -3.5473587542984894E-002
   14.250000000000000       0.34375872990774686       0.29326057025007435        2.1394068937127739E-002  -3.2829724428735996E-002   3.5267374017978581E-002  -6.8751745981549511E-002   2.5672882724553397E-002  -3.5191268430008783E-002
   14.625000000000000       0.34551842846368908       0.28861663258642783        2.0427186122477944E-002  -3.9154640085876297E-002   4.2070557571081718E-002  -6.9103685692737726E-002   2.4512623346973905E-002  -3.4633995910370891E-002
   15.000000000000000       0.34840302514641053       0.28175362867160481        1.9247921060509487E-002  -4.5025200178314906E-002   4.8695137127185789E-002  -6.9680605029282194E-002   2.3097505272611729E-002  -3.3810435440592264E-002
   15.375000000000000       0.35233339662398255       0.27285610136363236        1.7889705652289242E-002  -5.0302617140656702E-002   5.4971153113543114E-002  -7.0466679324796555E-002   2.1467646782747846E-002  -3.2742732163635518E-002
   15.750000000000000       0.35718102706484695       0.26220381376402868        1.6393690745262743E-002  -5.4881346142098997E-002   6.0751143817966674E-002  -7.1436205412969467E-002   1.9672428894314694E-002  -3.1464457651683458E-002
   16.125000000000000       0.36278107787574509       0.25014399578531676        1.4805030651286119E-002  -5.8695632088976823E-002   6.5920630339828534E-002  -7.2556215575149297E-002   1.7766036781543273E-002  -3.0017279494237811E-002
   16.500000000000000       0.36894849666542717       0.23705825429039890        1.3169033934941080E-002  -6.1720875072776932E-002   7.0403858383650181E-002  -7.3789699333085268E-002   1.5802840721929091E-002  -2.8446990514847628E-002
   16.875000000000000       0.37549428181293359       0.22332995661220117        1.1527795371676017E-002  -6.3970250936479817E-002   7.4164498621072550E-002  -7.5098856362586730E-002   1.3833354446010922E-002  -2.6799594793464165E-002
   17.250000000000000       0.38223946368814832       0.20931684571966014        9.9177274151227846E-003  -6.5487890139099530E-002   7.7202053687114497E-002  -7.6447892737629197E-002   1.1901272898147266E-002  -2.5118021486359554E-002
   17.625000000000000       0.38902530579205580       0.19533166105102101        8.3681524461250850E-003  -6.6340290799111662E-002   7.9545369422017370E-002  -7.7805061158411168E-002   1.0041782935350003E-002  -2.3439799326122737E-002
   18.000000000000000       0.39571927563257342       0.18163142153533929        6.9008880583752378E-003  -6.6607537045264606E-002   8.1244813777448230E-002  -7.9143855126514867E-002   8.2810656700502382E-003  -2.1795770584240429E-002
   18.375000000000000       0.40221717295660181       0.16841438706730538        5.5306101780072756E-003  -6.6375480607366061E-002   8.2364466751296675E-002  -8.0443434591319904E-002   6.6367322136086189E-003  -2.0209726448076837E-002
   18.750000000000000       0.40844228899593177       0.15582280880861732        4.2657231248429085E-003  -6.5729529838075840E-002   8.2975243506731633E-002  -8.1688457799186612E-002   5.1188677498117527E-003  -1.8698737057033947E-002
   19.125000000000000       0.41434261770630193       0.14394935396494854        3.1094814348286612E-003  -6.4750235485171503E-002   8.3149424703834698E-002  -8.2868523541260661E-002   3.7313777217944377E-003  -1.7273922475794266E-002
   19.500000000000000       0.41988704899263940       0.13284532919623709        2.0611637437066167E-003  -6.3510545152675082E-002   8.2956703918944830E-002  -8.3977409798528066E-002   2.4733964924476700E-003  -1.5941439503550054E-002
   19.875000000000000       0.42506126278982598       0.12252928592166136        1.1171661065371081E-003  -6.2074427922553757E-002   8.2461623335030168E-002  -8.5012252557965892E-002   1.3405993278441815E-003  -1.4703514310604111E-002
   20.250000000000000       0.42986380516316464       0.11299508464796554        2.7194258680832980E-004  -6.0496516915071727E-002   8.1722148221898688E-002  -8.5972761032633793E-002   3.2633110416951049E-004  -1.3559410157767241E-002
   20.625000000000000       0.43430261896595801       0.10421891758377209       -4.8123338689381068E-004  -5.8822438354053173E-002   8.0789097571055166E-002  -8.6860523793193159E-002  -5.7748006427378866E-004  -1.2506270110076987E-002
   21.000000000000000       0.43839214475837573        9.6165099135910856E-002  -1.1496836480666102E-003  -5.7089553342019088E-002   7.9706168329928065E-002  -8.7678428951679405E-002  -1.3796203776818485E-003  -1.1539811896355133E-002
   21.375000000000000       0.44215100397141338        8.8790634131466192E-002  -1.7408962404514615E-003  -5.5327906601110810E-002   7.8510336023402363E-002  -8.8430200794289968E-002  -2.0890754885447100E-003  -1.0654876095856062E-002
   21.750000000000000       0.44560021650520720        8.2048685048198927E-002  -2.2622261784619514E-003  -5.3561239687082790E-002   7.7232466421575746E-002  -8.9120043301052485E-002  -2.7146714141581714E-003  -9.8458422059139045E-003
   22.125000000000000       0.44876187686069569        7.5891108221886050E-002  -2.7206986915244450E-003  -5.1807977893787709E-002   7.5898020842818659E-002  -8.9752375372156801E-002  -3.2648384298343087E-003  -9.1069329868244606E-003
   22.500000000000000       0.45165820527356093        7.0270238112245503E-002  -3.1228900887852297E-003  -5.0082138778179262E-002   7.4527777123672589E-002  -9.0331641054736747E-002  -3.7474681065481040E-003  -8.4324285737551671E-003
   22.875000000000000       0.45431089443602779        6.5140085812551471E-002  -3.4748652670850968E-003  -4.8394137227753785E-002   7.3138518294732002E-002  -9.0862178887239659E-002  -4.1698383205087241E-003  -7.8168102978990982E-003
   23.250000000000000       0.45674068223284259        6.0457094979688993E-002  -3.7821550633692041E-003  -4.6751479591930635E-002   7.1743662468741962E-002  -9.1348136446614062E-002  -4.5385860760499804E-003  -7.2548513980819499E-003
   23.625000000000000       0.45896709270297781        5.6180572544933589E-002  -4.0497605201892913E-003  -4.5159350046025649E-002   7.0353821983306628E-002  -9.1793418540652788E-002  -4.8597126242342168E-003  -6.7416687060547140E-003
   24.000000000000000       0.46100829902483170        5.2272886961579952E-002  -4.2821744277744701E-003  -4.3621098166678800E-002   6.8977289142455503E-002  -9.2201659805037570E-002  -5.1386093133363548E-003  -6.2727464362101288E-003
   24.375000000000000       0.46288107265182388        4.8699505236059468E-002  -4.4834131654471849E-003  -4.2138639325429751E-002   6.7620451460277023E-002  -9.2576214530450437E-002  -5.3800957985426015E-003  -5.8439406293163470E-003
   24.750000000000000       0.46460079140307725        4.5428922177819825E-002  -4.6570539298676338E-003  -4.0712780159539531E-002   6.6288142313944129E-002  -9.2920158280716703E-002  -5.5884647158460409E-003  -5.4514706625040567E-003
   25.125000000000000       0.46618148631644069        4.2432521099381025E-002  -4.8062739931365112E-003  -3.9343480890629348E-002   6.4983934250445699E-002  -9.3236297263404933E-002  -5.7675287917671727E-003  -5.0919025332717884E-003
   25.500000000000000       0.46763591255822984        3.9684394184129744E-002  -4.9338897768382850E-003  -3.8030065182661672E-002   6.3710382493074424E-002  -9.3527182511777787E-002  -5.9206677322076896E-003  -4.7621273036220707E-003
   25.875000000000000       0.46897563388693464        3.7161142386113150E-002  -5.0423943495038334E-003  -3.6771386907433611E-002   6.2469225892684638E-002  -9.3795126777534446E-002  -6.0508732194041546E-003  -4.4593370880380160E-003
   26.250000000000000       0.47021111332805654        3.4841668506720672E-002  -5.1339925326357502E-003  -3.5565961824469035E-002   6.1261551949931610E-002  -9.4042222665773806E-002  -6.1607910391602077E-003  -4.1810002226833906E-003
   26.625000000000000       0.47135180505523849        3.2706972537871963E-002  -5.2106331975428719E-003  -3.4412070896884223E-002   6.0087931778972543E-002  -9.4270361011223658E-002  -6.2527598370462015E-003  -3.9248367065861708E-003
   27.000000000000000       0.47240624417719135        3.0739955076722135E-002  -5.2740386011140205E-003  -3.3307840811078751E-002   5.8948530099997010E-002  -9.4481248835627876E-002  -6.3288463213293468E-003  -3.6887946114035355E-003
   27.375000000000000       0.47338213235465071        2.8925232285568210E-002  -5.3257307808344031E-003  -3.2251306265933539E-002   5.7843194599784466E-002  -9.4676426471132086E-002  -6.3908769369913545E-003  -3.4710278766091280E-003
   27.750000000000000       0.47428641803783533        2.7248964245148125E-002  -5.3670551356994160E-003  -3.1240457746284141E-002   5.6771528318088009E-002  -9.4857283607780396E-002  -6.4404661628269739E-003  -3.2698757118910277E-003
   28.125000000000000       0.47512537071733268        2.5698697439250993E-002  -5.3992013806212838E-003  -3.0273277784630653E-002   5.5732948116279546E-002  -9.5025074143690005E-002  -6.4790416567308733E-003  -3.0838436953029669E-003
   28.500000000000000       0.47590464899094426        2.4263221370450300E-002  -5.4232220921627125E-003  -2.9347768128443429E-002   5.4726731765139772E-002  -9.5180929798421549E-002  -6.5078665105784018E-003  -2.9115865671534976E-003
   28.875000000000000       0.47662936252004084        2.2932438834052229E-002  -5.4400490734206313E-003  -2.8461969750705404E-002   5.3752055746779118E-002  -9.5325872504247913E-002  -6.5280588880860420E-003  -2.7518926628794849E-003
   29.250000000000000       0.47730412812093687        2.1697249091392371E-002  -5.4505077629579514E-003  -2.7613977251699107E-002   5.2808025494012638E-002  -9.5460825624434559E-002  -6.5406093155287864E-003  -2.6036698938412912E-003
   29.625000000000000       0.47793312033916846        2.0549443027263577E-002  -5.4553299019218819E-003  -2.6801948885322960E-002   5.1893699480549900E-002  -9.5586624068086892E-002  -6.5463958822836133E-003  -2.4659331662143106E-003
   30.000000000000000       0.47852011690867241        1.9481609308024523E-002  -5.4551646583469700E-003  -2.6024113190034535E-002   5.1008108318548233E-002  -9.5704023381992381E-002  -6.5461975899923953E-003  -2.3377931199624769E-003
   30.375000000000000       0.47906853951918654        1.8487050547336355E-002  -5.4505883904228886E-003  -2.5278773001486708E-002   5.0150269808240916E-002  -9.5813707904097919E-002  -6.5407060684818915E-003  -2.2184460687251053E-003
   30.750000000000000       0.47958149031470093        1.7559708514474540E-002  -5.4421132127183509E-003  -2.4564307461564103E-002   4.9319200710318881E-002  -9.5916298063204508E-002  -6.5305358552352364E-003  -2.1071650248163497E-003
   31.125000000000000       0.48006178453144965        1.6694097471075864E-002  -5.4301945119473779E-003  -2.3879172508946996E-002   4.8513925869125001E-002  -9.6012356906556157E-002  -6.5162334143090131E-003  -2.0032916996332011E-003
   31.500000000000000       0.48051197966111864        1.5885244785863326E-002  -5.4152375423806420E-003  -2.3221900233082987E-002   4.7733485198064904E-002  -9.6102395932490259E-002  -6.4982850508280964E-003  -1.9062293774232862E-003
   31.875000000000000       0.48093440149758171        1.5128638046441076E-002  -5.3976032157806624E-003  -2.2591097391313427E-002   4.6976938943404142E-002  -9.6186880299784297E-002  -6.4771238589074040E-003  -1.8154365686995355E-003
   32.250000000000000       0.48133116739610021        1.4420177958071420E-002  -5.3776131868796609E-003  -2.1985443323661480E-002   4.6243371564913024E-002  -9.6266233479487803E-002  -6.4531358242254826E-003  -1.7304213580944820E-003
   32.625000000000000       0.48170420704422640        1.3756136388504920E-002  -5.3555543229714588E-003  -2.1403687447995506E-002   4.5531894508482607E-002  -9.6340841409112116E-002  -6.4266651875351556E-003  -1.6507363697387696E-003
   33.000000000000000       0.48205528101483314        1.3133118983588122E-002  -5.3316826350985535E-003  -2.0844646477263438E-002   4.4841648094226076E-002  -9.6411056203233036E-002  -6.3980191620874594E-003  -1.5759742811347378E-003
   33.375000000000000       0.48238599734436083        1.2548031839559494E-002  -5.3062267385011203E-003  -2.0307201468016851E-002   4.4171802701535631E-002  -9.6477199469136576E-002  -6.3674720861702765E-003  -1.5057638238314428E-003
   33.750000000000000       0.48269782635391867        1.1998051774099988E-002  -5.2793909013627077E-003  -1.9790294783788902E-002   4.3521559398336851E-002  -9.6539565271045125E-002  -6.3352690816040379E-003  -1.4397662159513355E-003
   34.125000000000000       0.48299211390750657        1.1480599789304763E-002  -5.2513577333131271E-003  -1.9292927036642104E-002   4.2890150133881366E-002  -9.6598422781760465E-002  -6.3016292799445437E-003  -1.3776719777465990E-003
   34.500000000000000       0.48327009328035431        1.0993317365752726E-002  -5.2222905585306038E-003  -1.8814154054292376E-002   4.2276837591718235E-002  -9.6654018656327112E-002  -6.2667486702054215E-003  -1.3191980868871463E-003
   34.875000000000000       0.48353289579114572        1.0534045268172823E-002  -5.1923355125138492E-003  -1.8353083907683837E-002   4.1680914780984568E-002  -9.6706579158482547E-002  -6.2308026149855882E-003  -1.2640854351409711E-003
   35.250000000000000       0.48378156033465580        1.0100804580004541E-002  -5.1616233965672024E-003  -1.7908874024124645E-002   4.1101704429086269E-002  -9.6756312067180675E-002  -6.1939480758496611E-003  -1.2120965525209569E-003
   35.625000000000000       0.48401704193589773        9.6917797169146624E-003  -5.1302713196671648E-003  -1.7480728403448696E-002   4.0538558226579556E-002  -9.6803408387425363E-002  -6.1563255835699552E-003  -1.1630135689080208E-003
   36.000000000000000       0.48424021943312484        9.3053031983529495E-003  -5.0983841535839902E-003  -1.7067894948755581E-002   3.9990855965068295E-002  -9.6848043886867116E-002  -6.1180609842705269E-003  -1.1166363866362192E-003
   36.375000000000000       0.48445190238480584        8.9398419819313769E-003  -5.0660558238233254E-003  -1.6669662918706335E-002   3.9458004600792733E-002  -9.6890380477199875E-002  -6.0792669885581917E-003  -1.0727810406194120E-003
   36.750000000000000       0.48465283728489261        8.5939851880580606E-003  -5.0333704560936356E-003  -1.6285360504871716E-002   3.8939437269979477E-002  -9.6930567457212818E-002  -6.0400445472828567E-003  -1.0312782253069899E-003
   37.125000000000000       0.48484371316105906        8.2664330623307258E-003  -5.0004033955057935E-003  -1.5914352534962217E-002   3.8434612276627235E-002  -9.6968742632441665E-002  -6.0004840745779336E-003  -9.9197197017088581E-004
   37.500000000000000       0.48502516662211415        7.9559870408009766E-003  -4.9672221135558135E-003  -1.5556038300803222E-002   3.7943012069027567E-002  -9.7005033324648424E-002  -5.9606665362383982E-003  -9.5471844753756724E-004
   37.875000000000000       0.48519778641332945        7.6615407987824565E-003  -4.9338870160543060E-003  -1.5209849508448933E-002   3.7464142217777080E-002  -9.7039557282886796E-002  -5.9206644192371762E-003  -9.1938489844494158E-004
   38.250000000000000       0.48536211753169672        7.3820721775886182E-003  -4.9004521635341242E-003  -1.4875248346789107E-002   3.6997530405136793E-002  -9.7072423506556621E-002  -5.8805425962135350E-003  -8.8584866385079709E-004
   38.625000000000000       0.48551866494740137        7.1166358956367484E-003  -4.8669659142450798E-003  -1.4551725670263102E-002   3.6542725433282630E-002  -9.7103732989692812E-002  -5.8403590970671484E-003  -8.5399630996546149E-004
   39.000000000000000       0.48566789697250429        6.8643569610001591E-003  -4.8334714986048776E-003  -1.4238799290829498E-002   3.6099296257094196E-002  -9.7133579394708805E-002  -5.8001657982994764E-003  -8.2372283775781238E-004
   39.375000000000000       0.48581024831333025        6.6244247118427847E-003  -4.8000075328965700E-003  -1.3936012374047003E-002   3.5666831045605564E-002  -9.7162049662869232E-002  -5.7600090394500847E-003  -7.9493096780781924E-004
   39.750000000000000       0.48594612283901756        6.3960874194519419E-003  -4.7666084790617897E-003  -1.3642931933978655E-002   3.5244936275040196E-002  -9.7189224568001997E-002  -5.7199301748489381E-003  -7.6753049266983038E-004
   40.125000000000000       0.48607589609506452        6.1786473958422693E-003  -4.7333050566187567E-003  -1.3359147421610821E-002   3.4833235855351544E-002  -9.7215179219207942E-002  -5.6799660679179038E-003  -7.4143768978603337E-004
   40.500000000000000       0.48619991758763026        5.9714565543542986E-003  -4.7001246120142396E-003  -1.3084269401527970E-002   3.4431370291438800E-002  -9.7239983517717246E-002  -5.6401495343931215E-003  -7.1657478875715279E-004
   40.875000000000000       0.48631851286148770        5.7739123773239446E-003  -4.6670914500942847E-003  -1.2817928311699686E-002   3.4038995879567747E-002  -9.7263702572484526E-002  -5.6005097400896901E-003  -6.9286948746365737E-004
   41.250000000000000       0.48643198539209742        5.5854542499286456E-003  -4.6342271318287097E-003  -1.2559773301405402E-002   3.3655783939067575E-002  -9.7286397078601525E-002  -5.5610725581716584E-003  -6.7025451212703968E-004
   41.625000000000000       0.48654061831007556        5.4055601237367294E-003  -4.6015507419422666E-003  -1.2309471142500555E-002   3.3281420078979426E-002  -9.7308123662193491E-002  -5.5218608903085248E-003  -6.4866721693541463E-004
   42.000000000000000       0.48664467597436750        5.2337434774210089E-003  -4.5690791296850563E-003  -1.2066705209444278E-002   3.2915603499054570E-002  -9.7328935195047608E-002  -5.4828949556003292E-003  -6.2804921932955256E-004
   42.375000000000000       0.48674440540875552        5.0695505455543308E-003  -4.5368271256059122E-003  -1.1831174523738748E-002   3.2558046324283642E-002  -9.7348881081920705E-002  -5.4441925507058503E-003  -6.0834606745842107E-004
   42.750000000000000       0.48684003761475492        4.9125577894970508E-003  -4.5048077368644449E-003  -1.1602592858641890E-002   3.2208472971970811E-002  -9.7368007523116570E-002  -5.4057692842167529E-003  -5.8950693668515929E-004
   43.125000000000000       0.48693178877265703        4.7623695871069618E-003  -4.4730323233345224E-003  -1.1380687900257463E-002   3.1866619550261072E-002  -9.7386357754693981E-002  -5.3676387879812906E-003  -5.7148435235279357E-004
   43.500000000000000       0.48701986134119940        4.6186161204328155E-003  -4.4415107564971523E-003  -1.1165200461325957E-002   3.1532233286943191E-002  -9.7403972268397795E-002  -5.3298129077770295E-003  -5.5423393630708309E-004
   43.875000000000000       0.48710444506533851        4.4809514426988085E-003  -4.4102515629037015E-003  -1.0955883744262615E-002   3.1205071987311619E-002  -9.7420889013222087E-002  -5.2923018754655396E-003  -5.3771417493512380E-004
   44.250000000000000       0.48718571790058313        4.3490517078115061E-003  -4.3792620537876801E-003  -1.0752502650200186E-002   3.0884903519838278E-002  -9.7437143580266852E-002  -5.2551144645267799E-003  -5.2188620670561177E-004
   44.625000000000000       0.48726384686154350        4.2226135473179193E-003  -4.3485484422381123E-003  -1.0554833130999518E-002   3.0571505328407130E-002  -9.7452769372455922E-002  -5.2182581306677456E-003  -5.0671362740418438E-004
   45.000000000000000       0.48733898880157239        4.1013525812600123E-003  -4.3181159491896817E-003  -1.0362661581391531E-002   3.0264663969865449E-002  -9.7467797760457525E-002  -5.1817391390099497E-003  -4.9216231143605856E-004
   45.375000000000000       0.48741129112966863        3.9850020507423301E-003  -4.2879688993502718E-003  -1.0175784268588166E-002   2.9964174675672691E-002  -9.7482258226073759E-002  -5.1455626792034637E-003  -4.7820024773365208E-004
   45.750000000000000       0.48748089247026211        3.8733115612146294E-003  -4.2581108080718090E-003  -9.9940067968908343E-003   2.9669840936447506E-002  -9.7496178494189040E-002  -5.1097329696695995E-003  -4.6479738895085181E-004
   46.125000000000000       0.48754792327089619        3.7660459265722833E-003  -4.2285444600529782E-003  -9.8171436049773551E-003   2.9381474108258056E-002  -9.7509584654312767E-002  -5.0742533520475551E-003  -4.5192551275526695E-004
   46.500000000000000       0.48761250636239539        3.6629841051239588E-003  -4.1992719806845553E-003  -9.6450174937140042E-003   2.9098893039532021E-002  -9.7522501272609460E-002  -5.0391263768059299E-003  -4.3955809414377849E-004
   46.875000000000000       0.48767475747561301        3.5639182193652023E-003  -4.1702949007478719E-003  -9.4774591824782050E-003   2.8821923717504593E-002  -9.7534951495249850E-002  -5.0043538808821741E-003  -4.2767018781589852E-004
   47.250000000000000       0.48773478571851364        3.4686526522400194E-003  -4.1416142151139389E-003  -9.3143068921224623E-003   2.8550398933173741E-002  -9.7546957143826690E-002  -4.9699370581218517E-003  -4.1623831972500524E-004
   47.625000000000000       0.48779269401695713        3.3770032132956359E-003  -4.1132304360203178E-003  -9.1554059528294214E-003   2.8284157963768396E-002  -9.7558538803512229E-002  -4.9358765232100305E-003  -4.0524038701663772E-004
   48.000000000000000       0.48784857952226246        3.2887963687394791E-003  -4.0851436414440162E-003  -9.0006084352351520E-003   2.8023046271786815E-002  -9.7569715904570295E-002  -4.9021723697188161E-003  -3.9465556563572163E-004
   48.375000000000000       0.48790253398831551        3.2038685299771181E-003  -4.0573535190357819E-003  -8.8497728033063647E-003   2.7766915219702881E-002  -9.7580506797778910E-002  -4.8688242228293720E-003  -3.8446422495101663E-004
   48.750000000000000       0.48795464412077999        3.1220653957072840E-003  -4.0298594060363619E-003  -8.7027635875599803E-003   2.7515621799487980E-002  -9.7590928824269285E-002  -4.8358312872304396E-003  -3.7464784880607852E-004
   49.125000000000000       0.48800499190066943        3.0432413431061779E-003  -4.0026603255517912E-003  -8.5594510773135870E-003   2.7269028376132452E-002  -9.7600998380244386E-002  -4.8031923906493180E-003  -3.6518896246232925E-004
   49.500000000000000       0.48805365488440722        2.9672588640413783E-003  -3.9757550195264413E-003  -8.4197110307435846E-003   2.7027002444399519E-002  -9.7610730976988205E-002  -4.7709060234192146E-003  -3.5607106494358969E-004
   49.875000000000000       0.48810070648225590        2.8939880426191778E-003  -3.9491419787220658E-003  -8.2834244016109834E-003   2.6789416398081953E-002  -9.7620141296555912E-002  -4.7389703744544504E-003  -3.4727856634285420E-004
   50.250000000000000       0.48814621621685550        2.8233060707061738E-003  -3.9228194699782145E-003  -8.1504770815957351E-003   2.6556147311071993E-002  -9.7629243243473426E-002  -4.7073833639620557E-003  -3.3879672968400992E-004
   50.625000000000000       0.48819024996345806        2.7550967983593633E-003  -3.8967855610026387E-003  -8.0207596572502097E-003   2.6327076729590261E-002  -9.7638049992791326E-002  -4.6761426731918394E-003  -3.3061161697378979E-004
   51.000000000000000       0.48823287017330264        2.6892503163751620E-003  -3.8710381429212237E-003  -7.8941671806497908E-003   2.6102090474961367E-002  -9.7646574034757627E-002  -4.6452457714944067E-003  -3.2271003910782481E-004
   51.375000000000000       0.48827413608143816        2.6256625684070388E-003  -3.8455749507851694E-003  -7.7705989528856784E-003   2.5881078456352395E-002  -9.7654827216382717E-002  -4.6146899409314967E-003  -3.1507950932462231E-004
   51.750000000000000       0.48831410390020807        2.5642349903309274E-003  -3.8203935822252767E-003  -7.6499583195943754E-003   2.5663934492924759E-002  -9.7662820780134316E-002  -4.5844722986598608E-003  -3.0770819992898088E-004
   52.125000000000000       0.48835282699951038        2.5048741747225457E-003  -3.7954915144179664E-003  -7.5321524777834147E-003   2.5450556144883122E-002  -9.7670565399992498E-002  -4.5545898172913886E-003  -3.0058490203033753E-004
   52.500000000000000       0.48839035607481768        2.4474915585156222E-003  -3.7708661195139932E-003  -7.4170922932527954E-003   2.5240844552932590E-002  -9.7678071215051426E-002  -4.5250393434069182E-003  -2.9369898806047741E-004
   52.875000000000000       0.48842673930390884        2.3920031320505816E-003  -3.7465146786681931E-003  -7.3046921279663456E-003   2.5034704285683450E-002  -9.7685347860867605E-002  -4.4958176143922481E-003  -2.8704037686023498E-004
   53.250000000000000       0.48846202249313775        2.3383291678908302E-003  -3.7224343947933336E-003  -7.1948696767628693E-003   2.4832043194569404E-002  -9.7692404498712138E-002  -4.4669212737426193E-003  -2.8059950113732161E-004
   53.625000000000000       0.48849624921403378        2.2863939679143804E-003  -3.6986224041523435E-003  -7.0875458128465945E-003   2.4632772275869828E-002  -9.7699249842889177E-002  -4.4383468849737923E-003  -2.7436727711702808E-004
   54.000000000000000       0.48852946093094396        2.2361256273047171E-003  -3.6750757868900265E-003  -6.9826444415234563E-003   2.4436805539452523E-002  -9.7705892186268933E-002  -4.4100909442590730E-003  -2.6833507622123296E-004
   54.375000000000000       0.48856169712036468        2.1874558141920918E-003  -3.6517915765983430E-003  -6.8800923616935249E-003   2.4244059883869143E-002  -9.7712339424151418E-002  -4.3821498919094778E-003  -2.6249469862579670E-004
   54.750000000000000       0.48859299538257772        2.1403195637861496E-003  -3.6287667689998589E-003  -6.7798191346358869E-003   2.4054454977466697E-002  -9.7718599076591597E-002  -4.3545201227916178E-003  -2.5683834855577643E-004
   55.125000000000000       0.48862339154614398        2.0946550859407605E-003  -3.6059983298260137E-003  -6.6817569596570349E-003   2.3867913145187127E-002  -9.7724678309303578E-002  -4.3271979957831613E-003  -2.5135861119367404E-004
   55.500000000000000       0.48865291976575598        2.0504035851749108E-003  -3.5834832019594415E-003  -6.5858405561963346E-003   2.3684359260753747E-002  -9.7730583953224134E-002  -4.3001798423435702E-003  -2.4604843108156542E-004
   55.875000000000000       0.48868161261393511        2.0075090922541507E-003  -3.5612183119071747E-003  -6.4920070520162014E-003   2.3503720643957893E-002  -9.7736322522859367E-002  -4.2734619742811836E-003  -2.4090109191126383E-004
   56.250000000000000       0.48870950116699025        1.9659183065012420E-003  -3.5392005756593667E-003  -6.4001958771192930E-003   2.3325926962772140E-002  -9.7741900233467890E-002  -4.2470406907837875E-003  -2.3591019760180605E-004
   56.625000000000000       0.48873661508566602        1.9255804480813896E-003  -3.5174269039879151E-003  -6.3103486630640892E-003   2.3150910140041447E-002  -9.7747323017201099E-002  -4.2209122847783019E-003  -2.3106965457261720E-004
   57.000000000000000       0.48876298269080104        1.8864471195525929E-003  -3.4958942072348905E-003  -6.2224091473726357E-003   2.2978604264504921E-002  -9.7752596538227071E-002  -4.1950730486747401E-003  -2.2637365513112205E-004
   57.375000000000000       0.48878863103440556        1.8484721760386037E-003  -3.4745993996315840E-003  -6.1363230827341988E-003   2.2808945505929240E-002  -9.7757726206945894E-002  -4.1695192795510325E-003  -2.2181666189172671E-004
   57.750000000000000       0.48881358596640623        1.8116116034239444E-003  -3.4535394031916730E-003  -6.0520381507373142E-003   2.2641872034131465E-002  -9.7762717193344520E-002  -4.1442472838235005E-003  -2.1739339316066811E-004
   58.125000000000000       0.48883787219739488        1.7758234040160014E-003  -3.4327111512129343E-003  -5.9695038798783864E-003   2.2477323941698484E-002  -9.7767574439541788E-002  -4.1192533814492244E-003  -2.1309880921480711E-004
   58.500000000000000       0.48886151335763361        1.7410674891745663E-003  -3.4121115914224880E-003  -5.8886715675990787E-003   2.2315243170206108E-002  -9.7772302671587513E-002  -4.0945339097006135E-003  -2.0892809941760698E-004
   58.875000000000000       0.48888453205256854        1.7073055784170182E-003  -3.3917376887947176E-003  -5.8094942061383097E-003   2.2155573439763918E-002  -9.7776906410573003E-002  -4.0700852265476142E-003  -2.0487667011076684E-004
   59.250000000000000       0.48890694991508121        1.6745011045842513E-003  -3.3715864280727936E-003  -5.7319264119817387E-003   2.1998260181709688E-002  -9.7781389983074354E-002  -4.0459037136814213E-003  -2.0094013323531461E-004
   59.625000000000000       0.48892878765469588        1.6426191246460796E-003  -3.3516548160147912E-003  -5.6559243587139957E-003   2.1843250474302186E-002  -9.7785757530996220E-002  -4.0219857792120122E-003  -1.9711429562764267E-004
   60.000000000000000       0.48895006510394723        1.6116262357772401E-003  -3.3319398833936819E-003  -5.5814457130883332E-003   2.1690492981253740E-002  -9.7790013020845265E-002  -3.9983278600668670E-003  -1.9339514894854966E-004
   60.375000000000000       0.48897080126207121        1.5814904963637789E-003  -3.3124386867667104E-003  -5.5084495741382963E-003   2.1539937892963486E-002  -9.7794160252468759E-002  -3.9749264241145388E-003  -1.8977886020455942E-004
   60.750000000000000       0.48899101433621889        1.5521813515971751E-003  -3.2931483100382378E-003  -5.4368964151678906E-003   2.1391536870317363E-002  -9.7798202867296902E-002  -3.9517779720407370E-003  -1.8626176281862016E-004
   61.125000000000000       0.48901072178033239        1.5236695633881086E-003  -3.2740658658327211E-003  -5.3667480284685463E-003   2.1245242990924611E-002  -9.7802144356118559E-002  -3.9288790389938565E-003  -1.8284034822001243E-004
   61.500000000000000       0.48902994033184161        1.4959271442866672E-003  -3.2551884966925326E-003  -5.2979674726120101E-003   2.1101010697674095E-002  -9.7805988066418950E-002  -3.9062261960260830E-003  -1.7951125791438994E-004
   61.875000000000000       0.48904868604630597        1.4689272951835777E-003  -3.2365133761189358E-003  -5.2305190221910462E-003   2.0958795749492422E-002  -9.7809737209311881E-002  -3.8838160513379434E-003  -1.7627127600906793E-004
   62.250000000000000       0.48906697433014867        1.4426443465296787E-003  -3.2180377094672683E-003  -5.1643681198728494E-003   2.0818555174201270E-002  -9.7813394866078859E-002  -3.8616452513558453E-003  -1.7311732215820035E-004
   62.625000000000000       0.48908481997158931        1.4170537028618032E-003  -3.1997587347102284E-003  -5.0994813306469511E-003   2.0680247223366879E-002  -9.7816963994366429E-002  -3.8397104816475882E-003  -1.7004644490557370E-004
   63.000000000000000       0.48910223716988066        1.3921317904277129E-003  -3.1816737230808546E-003  -5.0358262981546487E-003   2.0543831329049585E-002  -9.7820447434023169E-002  -3.8180084676925417E-003  -1.6705581540154822E-004
   63.375000000000000       0.48911923956297509        1.3678560077098713E-003  -3.1637799796063975E-003  -4.9733717029916431E-003   2.0409268062362273E-002  -9.7823847912641967E-002  -3.7965359755231429E-003  -1.6414272146410164E-004
   63.750000000000000       0.48913584025368423        1.3442046786810752E-003  -3.1460748435407325E-003  -4.9120872228813530E-003   2.0276519093744731E-002  -9.7827168050781829E-002  -3.7752898122446858E-003  -1.6130456196902275E-004
   64.125000000000000       0.48915205183446275        1.3211570086011642E-003  -3.1285556887073007E-003  -4.8519434946268933E-003   2.0145547154884268E-002  -9.7830410366935849E-002  -3.7542668264445140E-003  -1.5853884154840359E-004
   64.500000000000000       0.48916788641085784        1.2986930422334126E-003  -3.1112199237586175E-003  -4.7929120777494951E-003   2.0016316002192534E-002  -9.7833577282214632E-002  -3.7334639085061304E-003  -1.5584316557336954E-004
   64.875000000000000       0.48918335562373511        1.2767936243018741E-003  -3.0940649923595276E-003  -4.7349654197265476E-003   1.9888790381774647E-002  -9.7836671124789054E-002  -3.7128779908274152E-003  -1.5321523541113715E-004
   65.250000000000000       0.48919847067033295        1.2554403620702512E-003  -3.0770883733043839E-003  -4.6780768227569890E-003   1.9762935995816688E-002  -9.7839694134108063E-002  -3.6925060479615288E-003  -1.5065284393287528E-004
   65.625000000000000       0.48921324232423247        1.2346155899140825E-003  -3.0602875805707279E-003  -4.6222204119666741E-003   1.9638719470325538E-002  -9.7842648464887175E-002  -3.6723450966811748E-003  -1.4815387126418324E-004
   66.000000000000000       0.48922768095428582        1.2143023357670921E-003  -3.0436601633164724E-003  -4.5673711049923826E-003   1.9516108324161986E-002  -9.7845536190896698E-002  -3.6523921959761047E-003  -1.4571628075684992E-004
   66.375000000000000       0.48924179654258293        1.1944842893279685E-003  -3.0272037058277552E-003  -4.5135045828729450E-003   1.9395070939301783E-002  -9.7848359308555580E-002  -3.6326444469898015E-003  -1.4333811517466426E-004
   66.750000000000000       0.48925559870149626        1.1751457719248952E-003  -3.0109158274194297E-003  -4.4605972621807313E-003   1.9275576532277027E-002  -9.7851119740337264E-002  -3.6130989928997805E-003  -1.4101749307682363E-004
   67.125000000000000       0.48926909668987290        1.1562717079448837E-003  -2.9947941822959230E-003  -4.4086262683409811E-003   1.9157595126735906E-002  -9.7853819338011766E-002  -3.5937530187515497E-003  -1.3875260539032949E-004
   67.500000000000000       0.48928229942839546        1.1378475977376432E-003  -2.9788364593724488E-003  -4.3575694100730913E-003   1.9041097527075865E-002  -9.7856459885715272E-002  -3.5746037512435968E-003  -1.3654171215670544E-004
   67.875000000000000       0.48929521551419608        1.1198594918973275E-003  -2.9630403820657750E-003  -4.3074051549053605E-003   1.8926055293099833E-002  -9.7859043102874813E-002  -3.5556484584756643E-003  -1.3438313944713468E-004
   68.250000000000000       0.48930785323473686        1.1022939668599459E-003  -2.9474037080521828E-003  -4.2581126057109368E-003   1.8812440715650254E-002  -9.7861570646982310E-002  -3.5368844496594365E-003  -1.3227527643416254E-004
   68.625000000000000       0.48932022058099978        1.0851381017318790E-003  -2.9319242290005805E-003  -4.2096714782163215E-003   1.8700226793177410E-002  -9.7864044116234589E-002  -3.5183090747977590E-003  -1.3021657261060954E-004
   69.000000000000000       0.48933232526004300        1.0683794562799441E-003  -2.9165997702811689E-003  -4.1620620794351340E-003   1.8589387209202217E-002  -9.7866465052041662E-002  -3.4999197243343119E-003  -1.2820553514842969E-004
   69.375000000000000       0.48934417470693881        1.0520060500206502E-003  -2.9014281906526596E-003  -4.1152652869869792E-003   1.8479896310630867E-002  -9.7868834941420887E-002  -3.4817138287805112E-003  -1.2624072638938634E-004
   69.750000000000000       0.48935577609613606        1.0360063423468463E-003  -2.8864073819315833E-003  -4.0692625292565550E-003   1.8371729086889010E-002  -9.7871155219259223E-002  -3.4636888583151645E-003  -1.2432076146088044E-004
   70.125000000000000       0.48936713635227852        1.0203692136328294E-003  -2.8715352686443248E-003  -4.0240357663577893E-003   1.8264861149834638E-002  -9.7873427270487603E-002  -3.4458423223703112E-003  -1.2244430600781721E-004
   70.500000000000000       0.48937826216050612        1.0050839472650504E-003  -2.8568098076647667E-003  -3.9795674718614629E-003   1.8159268714421365E-002  -9.7875652432131768E-002  -3.4281717691950274E-003  -1.2061007403634552E-004
   70.875000000000000       0.48938915997626609        9.9014021254690806E-004  -2.8422289878412533E-003  -3.9358406152566593E-003   1.8054928580074778E-002  -9.7877831995283271E-002  -3.4106747854067087E-003  -1.1881682586309690E-004
   71.250000000000000       0.48939983603466847        9.7552804843091686E-004  -2.8277908296099599E-003  -3.8928386451089628E-003   1.7951818112756472E-002  -9.7879967206963681E-002  -3.3933489955293296E-003  -1.1706336616217354E-004
   71.625000000000000       0.48941029635939254        9.6123784803307745E-004  -2.8134933846013493E-003  -3.8505454728819367E-003   1.7849915227681454E-002  -9.7882059271907892E-002  -3.3761920615191696E-003  -1.1534854210778964E-004
   72.000000000000000       0.48942054677118585        9.4726034388678993E-004  -2.7993347352383395E-003  -3.8089454573995434E-003   1.7749198372665882E-002  -9.7884109354265433E-002  -3.3592016822835604E-003  -1.1367124160349005E-004
   72.375000000000000       0.48943059289597651        9.3358659389531447E-004  -2.7853129943271630E-003  -3.7680233899127476E-003   1.7649646512077791E-002  -9.7886118579223164E-002  -3.3423755931900859E-003  -1.1203039159818076E-004
   72.750000000000000       0.48944044017259536        9.2020796795431667E-004  -2.7714263046443150E-003  -3.7277644797480288E-003   1.7551239111359980E-002  -9.7888088034546378E-002  -3.3257115655707429E-003  -1.1042495647893402E-004
   73.125000000000000       0.48945009386016120        9.0711613519155665E-004  -2.7576728385192428E-003  -3.6881543405107150E-003   1.7453956122112889E-002  -9.7890018772059023E-002  -3.3092074062206190E-003  -1.0885393654123154E-004
   73.500000000000000       0.48945955904512678        8.9430305181218057E-004  -2.7440507974129643E-003  -3.6491789768177221E-003   1.7357777967700702E-002  -9.7891911809051727E-002  -3.2928609568933249E-003  -1.0731636652965617E-004
   73.875000000000000       0.48946884064799762        8.8176094950144631E-004  -2.7305584114956476E-003  -3.6108247715390123E-003   1.7262685529371501E-002  -9.7893768129625747E-002  -3.2766700937925438E-003  -1.0581131424652981E-004
   74.250000000000000       0.48947794342976558        8.6948232436343605E-004  -2.7171939392222938E-003  -3.5730784735230393E-003   1.7168660132860600E-002  -9.7895588685978752E-002  -3.2606327270644970E-003  -1.0433787922424526E-004
   74.625000000000000       0.48948687199804175        8.5745992636939252E-004  -2.7039556669081919E-003  -3.5359271857868116E-003   1.7075683535466360E-002  -9.7897374399633294E-002  -3.2447468002877694E-003  -1.0289519145915575E-004
   75.000000000000000       0.48949563081292374        8.4568674928336052E-004  -2.6908419083044931E-003  -3.4993583541503815E-003   1.6983737913569202E-002  -9.7899126162609304E-002  -3.2290102899632314E-003  -1.0148241020340865E-004
